1716036439.149759	1336	1781.3328880000001	3	0.6482958793640137
1716036439.2003918	1336	1781.3328880000001	3	0.5986757278442383
1716036439.2509496	1336	1781.3328880000001	4	1.248378038406372
1716036439.3015943	1336	1781.3328880000001	4	1.1968145370483398
1716036439.3522708	1336	1781.3328880000001	4	1.147815227508545
1716036439.402934	1336	1781.3328880000001	4	1.098034143447876
1716036439.4536202	1336	1781.3328880000001	4	1.0481820106506348
1716036439.5042639	1336	1781.3328880000001	4	0.9991316795349121
1716036439.559746	1336	1781.3328880000001	4	0.942927360534668
1716036439.6103268	1336	1781.3328880000001	5	1.8742539882659912
1716036439.665273	1336	1781.3328880000001	5	1.8201937675476074
1716036439.715963	1336	1781.3328880000001	5	1.772181510925293
1716036439.7665575	1336	1781.3328880000001	5	1.7207536697387695
1716036439.81704	1336	1781.3328880000001	5	1.6694755554199219
1716036439.8676264	1336	1781.3328880000001	5	1.6214594841003418
1716036439.9183152	1336	1781.3328880000001	5	1.5724222660064697
1716036439.9690166	1336	1781.3328880000001	5	1.5208396911621094
1716036440.0197241	1336	1781.3328880000001	5	1.4727044105529785
1716036440.0703206	1336	1781.3328880000001	5	1.4228625297546387
1716036440.1209698	1336	1781.3328880000001	5	1.3768880367279053
1716036440.171609	1336	1781.3328880000001	5	1.3227756023406982
1716036440.2221842	1336	1781.3328880000001	5	1.2693357467651367
1716036440.2728622	1336	1781.3328880000001	5	1.2222371101379395
1716036440.323425	1336	1781.3328880000001	5	1.1757564544677734
1716036440.3739808	1336	1781.3328880000001	5	1.122234582901001
1716036440.4245687	1336	1781.3328880000001	5	1.0724425315856934
1716036440.4752295	1336	1781.3328880000001	6	2.0326337814331055
1716036440.5258098	1336	1781.3328880000001	6	1.9829494953155518
1716036440.5762627	1336	1781.3328880000001	6	1.9332478046417236
1716036440.62685	1336	1781.3328880000001	6	1.8834893703460693
1716036440.677428	1336	1781.3328880000001	6	1.8337247371673584
1716036440.7280083	1336	1781.3328880000001	6	1.7840938568115234
1716036440.778609	1336	1781.3328880000001	6	1.7350070476531982
1716036440.8291614	1336	1781.3328880000001	6	1.6836750507354736
1716036440.8797896	1336	1781.3328880000001	6	1.6371545791625977
1716036440.9304492	1336	1781.3328880000001	6	1.583979845046997
1716036440.9811084	1336	1781.3328880000001	6	1.5366175174713135
1716036441.0317028	1336	1781.3328880000001	6	1.4867913722991943
1716036441.0823145	1336	1781.3328880000001	6	1.437058448791504
1716036441.1328506	1336	1781.3328880000001	6	1.3823375701904297
1716036441.183464	1336	1781.3328880000001	6	1.3366594314575195
1716036441.238532	1336	1781.3328880000001	6	1.2832965850830078
1716036441.2891157	1336	1781.3328880000001	6	1.2320387363433838
1716036441.3397536	1336	1781.3328880000001	6	1.1828923225402832
1716036441.3904197	1336	1781.3328880000001	6	1.1331441402435303
1716036441.4411106	1336	1781.3328880000001	6	1.0748357772827148
1716036441.50098	1336	1781.3328880000001	7	2.407844066619873
1716036441.5485103	1336	1781.3328880000001	7	2.3612539768218994
1716036441.5990808	1336	1781.3328880000001	7	2.311548948287964
1716036441.6495457	1336	1781.3328880000001	7	2.26190185546875
1716036441.7000678	1336	1781.3328880000001	7	2.2123043537139893
1716036441.750596	1336	1781.3328880000001	7	2.1627097129821777
1716036441.8010924	1336	1781.3328880000001	7	2.113128185272217
1716036441.8517375	1336	1781.3328880000001	7	2.0632591247558594
1716036441.9023345	1336	1781.3328880000001	7	2.0163731575012207
1716036441.9528031	1336	1781.3328880000001	7	1.9631078243255615
1716036442.0033097	1336	1781.3328880000001	7	1.9162473678588867
1716036442.0580177	1336	1781.3328880000001	7	1.862431526184082
1716036442.1086502	1336	1781.3328880000001	7	1.812591791152954
1716036442.1592457	1336	1781.3328880000001	7	1.7576782703399658
1716036442.2097588	1336	1781.3328880000001	7	1.7143895626068115
1716036442.2604125	1336	1781.3328880000001	7	1.6645121574401855
1716036442.3109667	1336	1781.3328880000001	7	1.6111671924591064
1716036442.361647	1336	1781.3328880000001	7	1.564347743988037
1716036442.412225	1336	1781.3328880000001	7	1.5148262977600098
1716036442.46284	1336	1781.3328880000001	7	1.4549434185028076
1716036442.525756	1336	1781.3328880000001	7	1.3974850177764893
1716036442.5744479	1336	1781.3328880000001	8	2.64697527885437
1716036442.6248102	1336	1781.3328880000001	8	2.597454309463501
1716036442.6752598	1336	1781.3328880000001	8	2.5478179454803467
1716036442.7256303	1336	1781.3328880000001	8	2.4983580112457275
1716036442.776132	1336	1781.3328880000001	8	2.460448980331421
1716036442.8267941	1336	1781.3328880000001	8	2.4040987491607666
1716036442.877352	1336	1781.3328880000001	8	2.3608531951904297
1716036442.9278657	1336	1781.3328880000001	8	2.299004554748535
1716036442.9784272	1336	1781.3328880000001	8	2.247591733932495
1716036443.0289898	1336	1781.3328880000001	8	2.198662519454956
1716036443.0795133	1336	1781.3328880000001	8	2.1489522457122803
1716036443.1300924	1336	1781.3328880000001	8	2.1023828983306885
1716036443.1806297	1336	1781.3328880000001	8	2.050992965698242
1716036443.2312224	1336	1781.3328880000001	8	1.9980888366699219
1716036443.2817297	1336	1781.3328880000001	8	1.95159912109375
1716036443.3323362	1336	1781.3328880000001	8	1.901841402053833
1716036443.382886	1336	1781.3328880000001	8	1.8520700931549072
1716036443.433509	1336	1781.3328880000001	8	1.7914466857910156
1716036443.484085	1336	1781.3328880000001	8	1.7459521293640137
1716036443.5346904	1336	1781.3328880000001	8	1.7011184692382812
1716036443.585271	1336	1781.3328880000001	8	1.6521553993225098
1716036443.6359434	1336	1781.3328880000001	8	1.6033282279968262
1716036443.6865807	1336	1781.3328880000001	8	1.5534963607788086
1716036443.7371528	1336	1781.3328880000001	8	1.5040714740753174
1716036443.787866	1336	1781.3328880000001	9	3.0433762073516846
1716036443.8384445	1336	1781.3328880000001	9	2.993964433670044
1716036443.889061	1336	1781.3328880000001	9	2.94419527053833
1716036443.9396365	1336	1781.3328880000001	9	2.8945958614349365
1716036443.9901676	1336	1781.3328880000001	9	2.8550703525543213
1716036444.0407174	1336	1781.3328880000001	9	2.809934616088867
1716036444.091253	1336	1781.3328880000001	9	2.745931625366211
1716036444.1417751	1336	1781.3328880000001	9	2.6962835788726807
1716036444.1923096	1336	1781.3328880000001	9	2.6503937244415283
1716036444.2428954	1336	1781.3328880000001	9	2.6006851196289062
1716036444.293507	1336	1781.3328880000001	9	2.56531023979187
1716036444.3439846	1336	1781.3328880000001	9	2.4952218532562256
1716036444.3945358	1336	1781.3328880000001	9	2.4498865604400635
1716036444.4450858	1336	1781.3328880000001	9	2.411865234375
1716036444.4956536	1336	1781.3328880000001	9	2.3518190383911133
1716036444.546188	1336	1781.3328880000001	9	2.3019859790802
1716036444.5967076	1336	1781.3328880000001	9	2.243328809738159
1716036444.6472201	1336	1781.3328880000001	9	2.1882011890411377
1716036444.6978414	1336	1781.3328880000001	9	2.151156187057495
1716036444.7485158	1336	1781.3328880000001	9	2.1013247966766357
1716036444.7989066	1336	1781.3328880000001	9	2.0419435501098633
1716036444.8494868	1336	1781.3328880000001	9	1.9965522289276123
1716036444.9000423	1336	1781.3328880000001	9	1.9416401386260986
1716036444.95058	1336	1781.3328880000001	9	1.8856768608093262
1716036445.0012178	1336	1781.3328880000001	9	1.8566992282867432
1716036445.0518408	1336	1781.3328880000001	9	1.7996165752410889
1716036445.102516	1336	1781.3328880000001	10	3.2446506023406982
1716036445.1531196	1336	1781.3328880000001	10	3.1950292587280273
1716036445.203815	1336	1781.3328880000001	10	3.1452581882476807
1716036445.2543135	1336	1781.3328880000001	10	3.1159403324127197
1716036445.304832	1336	1781.3328880000001	10	3.0452816486358643
1716036445.355239	1336	1781.3328880000001	10	2.9960906505584717
1716036445.4057658	1336	1781.3328880000001	10	2.946352481842041
1716036445.4563067	1336	1781.3328880000001	10	2.896714448928833
1716036445.5068705	1336	1781.3328880000001	10	2.8479831218719482
1716036445.5574906	1336	1781.3328880000001	10	2.796402931213379
1716036445.6080794	1336	1781.3328880000001	10	2.747844934463501
1716036445.6587038	1336	1781.3328880000001	10	2.710557699203491
1716036445.7093627	1336	1781.3328880000001	10	2.6515374183654785
1716036445.7598033	1336	1781.3328880000001	10	2.606335401535034
1716036445.8103993	1336	1781.3328880000001	10	2.560908079147339
1716036445.8649533	1336	1781.3328880000001	10	2.4968748092651367
1716036445.9155514	1336	1781.3328880000001	10	2.441298484802246
1716036445.9661853	1336	1781.3328880000001	10	2.396498680114746
1716036446.016813	1336	1781.3328880000001	10	2.3408761024475098
1716036446.067391	1336	1781.3328880000001	10	2.3086724281311035
1716036446.1179094	1336	1781.3328880000001	10	2.245626211166382
1716036446.1685174	1336	1781.3328880000001	10	2.190045118331909
1716036446.2190616	1336	1781.3328880000001	10	2.1547884941101074
1716036446.2696173	1336	1781.3328880000001	10	2.0946381092071533
1716036446.3201249	1336	1781.3328880000001	10	2.0450448989868164
1716036446.370785	1336	1781.3328880000001	10	1.9885859489440918
1716036446.4213145	1336	1781.3328880000001	10	1.93882417678833
1716036446.471852	1336	1781.3328880000001	10	1.9002702236175537
1716036446.522448	1336	1781.3328880000001	10	1.852712631225586
1716036446.5731328	1336	1781.3328880000001	10	1.7998802661895752
1716036446.6236422	1336	1781.3328880000001	10	1.7439026832580566
1716036446.6787763	1336	1781.3328880000001	10	1.6895759105682373
1716036446.7293732	1336	1781.3328880000001	10	1.6474180221557617
1716036446.7800891	1336	1781.3328880000001	10	1.5975408554077148
1716036446.8516674	1336	1781.3328880000001	11	3.467442035675049
1716036446.8951159	1336	1781.3328880000001	11	3.4308793544769287
1716036446.9456618	1336	1781.3328880000001	11	3.37438702583313
1716036446.996187	1336	1781.3328880000001	11	3.3248345851898193
1716036447.0467305	1336	1781.3328880000001	11	3.2753210067749023
1716036447.0975525	1336	1781.3328880000001	11	3.2254133224487305
1716036447.1481347	1336	1781.3328880000001	11	3.1757731437683105
1716036447.1987607	1336	1781.3328880000001	11	3.1261208057403564
1716036447.2493124	1336	1781.3328880000001	11	3.087644100189209
1716036447.2998297	1336	1781.3328880000001	11	3.0423359870910645
1716036447.350403	1336	1781.3328880000001	11	2.9938488006591797
1716036447.4011571	1336	1781.3328880000001	11	2.931431293487549
1716036447.4517894	1336	1781.3328880000001	11	2.8758039474487305
1716036447.502349	1336	1781.3328880000001	11	2.8354010581970215
1716036447.5528905	1336	1781.3328880000001	11	2.7806057929992676
1716036447.603437	1336	1781.3328880000001	11	2.724982976913452
1716036447.653955	1336	1781.3328880000001	11	2.684767723083496
1716036447.7045043	1336	1781.3328880000001	11	2.6298983097076416
1716036447.7550325	1336	1781.3328880000001	11	2.574158191680908
1716036447.8055768	1336	1781.3328880000001	11	2.5340983867645264
1716036447.8561893	1336	1781.3328880000001	11	2.473872661590576
1716036447.9067445	1336	1781.3328880000001	11	2.4284896850585938
1716036447.957273	1336	1781.3328880000001	11	2.383338212966919
1716036448.0077832	1336	1781.3328880000001	11	2.3230538368225098
1716036448.0583265	1336	1781.3328880000001	11	2.2777271270751953
1716036448.1088812	1336	1781.3328880000001	11	2.232452869415283
1716036448.159467	1336	1781.3328880000001	11	2.1721999645233154
1716036448.2100694	1336	1781.3328880000001	11	2.116779088973999
1716036448.2606564	1336	1781.3328880000001	11	2.082817316055298
1716036448.3112435	1336	1781.3328880000001	11	2.0339598655700684
1716036448.38063	1336	1781.3328880000001	12	3.6940886974334717
1716036448.4291272	1336	1781.3328880000001	12	3.646580696105957
1716036448.4796736	1336	1781.3328880000001	12	3.596985340118408
1716036448.5301254	1336	1781.3328880000001	12	3.547658920288086
1716036448.580603	1336	1781.3328880000001	12	3.522141933441162
1716036448.631067	1336	1781.3328880000001	12	3.4488139152526855
1716036448.6816168	1336	1781.3328880000001	12	3.39744234085083
1716036448.7322059	1336	1781.3328880000001	12	3.3486952781677246
1716036448.7827969	1336	1781.3328880000001	12	3.2989096641540527
1716036448.8335922	1336	1781.3328880000001	12	3.248980760574341
1716036448.8840947	1336	1781.3328880000001	12	3.2043585777282715
1716036448.9347248	1336	1781.3328880000001	12	3.1486878395080566
1716036448.9853501	1336	1781.3328880000001	12	3.11242938041687
1716036449.0359478	1336	1781.3328880000001	12	3.0532500743865967
1716036449.0865614	1336	1781.3328880000001	12	2.9977974891662598
1716036449.137168	1336	1781.3328880000001	12	2.9672887325286865
1716036449.1877503	1336	1781.3328880000001	12	2.8974366188049316
1716036449.2383986	1336	1781.3328880000001	12	2.8668484687805176
1716036449.2889292	1336	1781.3328880000001	12	2.796994924545288
1716036449.3394809	1336	1781.3328880000001	12	2.7516281604766846
1716036449.390047	1336	1781.3328880000001	12	2.7061827182769775
1716036449.4406724	1336	1781.3328880000001	12	2.646183490753174
1716036449.4913058	1336	1781.3328880000001	12	2.600687026977539
1716036449.5419223	1336	1781.3328880000001	12	2.5550544261932373
1716036449.5925496	1336	1781.3328880000001	12	2.508948802947998
1716036449.643217	1336	1781.3328880000001	12	2.44437313079834
1716036449.6938138	1336	1781.3328880000001	12	2.399106979370117
1716036449.7444654	1336	1781.3328880000001	12	2.3493056297302246
1716036449.7950857	1336	1781.3328880000001	12	2.303745985031128
1716036449.8457394	1336	1781.3328880000001	12	2.260396957397461
1716036449.896377	1336	1781.3328880000001	12	2.210737943649292
1716036449.9468856	1336	1781.3328880000001	12	2.147669792175293
1716036449.9975076	1336	1781.3328880000001	12	2.102246046066284
1716036450.048065	1336	1781.3328880000001	12	2.0419933795928955
1716036450.0986378	1336	1781.3328880000001	12	2.0050339698791504
1716036450.1492429	1336	1781.3328880000001	12	1.9461686611175537
1716036450.1998885	1336	1781.3328880000001	12	1.9007411003112793
1716036450.2507508	1336	1781.3328880000001	13	3.9846267700195312
1716036450.3013506	1336	1781.3328880000001	13	3.93483304977417
1716036450.3531234	1336	1781.3328880000001	13	3.8839423656463623
1716036450.4026506	1336	1781.3328880000001	13	3.8493995666503906
1716036450.4531713	1336	1781.3328880000001	13	3.785789966583252
1716036450.5037377	1336	1781.3328880000001	13	3.751330614089966
1716036450.554207	1336	1781.3328880000001	13	3.6866941452026367
1716036450.604789	1336	1781.3328880000001	13	3.6332743167877197
1716036450.6553466	1336	1781.3328880000001	13	3.5875535011291504
1716036450.7058957	1336	1781.3328880000001	13	3.538069009780884
1716036450.75645	1336	1781.3328880000001	13	3.5016696453094482
1716036450.8069892	1336	1781.3328880000001	13	3.452911853790283
1716036450.8575776	1336	1781.3328880000001	13	3.382258176803589
1716036450.908117	1336	1781.3328880000001	13	3.336928129196167
1716036450.958764	1336	1781.3328880000001	13	3.3061976432800293
1716036451.00933	1336	1781.3328880000001	13	3.23659348487854
1716036451.0598676	1336	1781.3328880000001	13	3.191202163696289
1716036451.110485	1336	1781.3328880000001	13	3.1509201526641846
1716036451.1610155	1336	1781.3328880000001	13	3.080940008163452
1716036451.2115822	1336	1781.3328880000001	13	3.0456037521362305
1716036451.2621634	1336	1781.3328880000001	13	3.0053822994232178
1716036451.3127823	1336	1781.3328880000001	13	2.949587821960449
1716036451.363432	1336	1781.3328880000001	13	2.8842222690582275
1716036451.4139585	1336	1781.3328880000001	13	2.8346314430236816
1716036451.4645457	1336	1781.3328880000001	13	2.788564920425415
1716036451.515061	1336	1781.3328880000001	13	2.7390480041503906
1716036451.5657265	1336	1781.3328880000001	13	2.6837007999420166
1716036451.616303	1336	1781.3328880000001	13	2.6427178382873535
1716036451.6668966	1336	1781.3328880000001	13	2.5964062213897705
1716036451.7174494	1336	1781.3328880000001	13	2.5467090606689453
1716036451.7679634	1336	1781.3328880000001	13	2.482273578643799
1716036451.8185685	1336	1781.3328880000001	13	2.437427520751953
1716036451.8691638	1336	1781.3328880000001	13	2.391470432281494
1716036451.920125	1336	1781.3328880000001	13	2.3456270694732666
1716036451.9709218	1336	1781.3328880000001	13	2.2758469581604004
1716036452.0215936	1336	1781.3328880000001	13	2.24507737159729
1716036452.1166208	1336	1781.3328880000001	14	3.807401657104492
1716036452.1558957	1336	1781.3328880000001	14	3.7690176963806152
1716036452.206393	1336	1781.3328880000001	14	3.7197258472442627
1716036452.2569706	1336	1781.3328880000001	14	3.6725049018859863
1716036452.3074658	1336	1781.3328880000001	14	3.620548725128174
1716036452.3579788	1336	1781.3328880000001	14	3.6021838188171387
1716036452.408531	1336	1781.3328880000001	14	3.51859188079834
1716036452.4591095	1336	1781.3328880000001	14	3.4718117713928223
1716036452.509639	1336	1781.3328880000001	14	3.422287702560425
1716036452.5646245	1336	1781.3328880000001	14	3.363975763320923
1716036452.6151361	1336	1781.3328880000001	14	3.3185267448425293
1716036452.6656919	1336	1781.3328880000001	14	3.28324556350708
1716036452.7162173	1336	1781.3328880000001	14	3.218350648880005
1716036452.7668483	1336	1781.3328880000001	14	3.1730892658233643
1716036452.8175268	1336	1781.3328880000001	14	3.1376354694366455
1716036452.8681335	1336	1781.3328880000001	14	3.0816848278045654
1716036452.918751	1336	1781.3328880000001	14	3.017439365386963
1716036452.9693708	1336	1781.3328880000001	14	2.966158390045166
1716036453.02405	1336	1781.3328880000001	14	2.917592763900757
1716036453.0746782	1336	1781.3328880000001	14	2.8718597888946533
1716036453.125236	1336	1781.3328880000001	14	2.8341641426086426
1716036453.175765	1336	1781.3328880000001	14	2.761396884918213
1716036453.2263422	1336	1781.3328880000001	14	2.706486463546753
1716036453.2768478	1336	1781.3328880000001	14	2.6663854122161865
1716036453.3274167	1336	1781.3328880000001	14	2.610585927963257
1716036453.3779533	1336	1781.3328880000001	14	2.5701029300689697
1716036453.4285798	1336	1781.3328880000001	14	2.5103611946105957
1716036453.4791899	1336	1781.3328880000001	14	2.4648871421813965
1716036453.5297403	1336	1781.3328880000001	14	2.4237189292907715
1716036453.5802634	1336	1781.3328880000001	14	2.3646459579467773
1716036453.630849	1336	1781.3328880000001	14	2.3235065937042236
1716036453.6815252	1336	1781.3328880000001	14	2.264211416244507
1716036453.732083	1336	1781.3328880000001	14	2.208728551864624
1716036453.7826202	1336	1781.3328880000001	14	2.1682565212249756
1716036453.8330812	1336	1781.3328880000001	14	2.123107671737671
1716036453.8837216	1336	1781.3328880000001	14	2.068044900894165
1716036453.9342597	1336	1781.3328880000001	14	2.0228776931762695
1716036453.9851966	1336	1781.3328880000001	14	1.9674952030181885
1716036454.0358622	1336	1781.3328880000001	14	1.9115021228790283
1716036454.0865066	1336	1781.3328880000001	14	1.8559300899505615
1716036454.1370938	1336	1781.3328880000001	14	1.8237299919128418
1716036454.1877136	1336	1781.3328880000001	14	1.7702546119689941
1716036454.2741919	1336	1781.3328880000001	15	3.4877312183380127
1716036454.307904	1336	1781.3328880000001	15	3.4549267292022705
1716036454.3584025	1336	1781.3328880000001	15	3.4067599773406982
1716036454.4089646	1336	1781.3328880000001	15	3.3552379608154297
1716036454.4594896	1336	1781.3328880000001	15	3.3064956665039062
1716036454.5099285	1336	1781.3328880000001	15	3.2569499015808105
1716036454.5603719	1336	1781.3328880000001	15	3.2074339389801025
1716036454.6150968	1336	1781.3328880000001	15	3.1544299125671387
1716036454.6656525	1336	1781.3328880000001	15	3.103102207183838
1716036454.7161763	1336	1781.3328880000001	15	3.0541560649871826
1716036454.7668817	1336	1781.3328880000001	15	3.0189104080200195
1716036454.8175402	1336	1781.3328880000001	15	2.971017360687256
1716036454.867982	1336	1781.3328880000001	15	2.903193473815918
1716036454.9185185	1336	1781.3328880000001	15	2.8682119846343994
1716036454.9690447	1336	1781.3328880000001	15	2.803020477294922
1716036455.0195565	1336	1781.3328880000001	15	2.7533397674560547
1716036455.070092	1336	1781.3328880000001	15	2.7068986892700195
1716036455.1207197	1336	1781.3328880000001	15	2.6572256088256836
1716036455.1712627	1336	1781.3328880000001	15	2.6024489402770996
1716036455.2217712	1336	1781.3328880000001	15	2.5570380687713623
1716036455.2724066	1336	1781.3328880000001	15	2.5098495483398438
1716036455.323199	1336	1781.3328880000001	15	2.459958553314209
1716036455.3738184	1336	1781.3328880000001	15	2.4008615016937256
1716036455.4244263	1336	1781.3328880000001	15	2.3553168773651123
1716036455.474897	1336	1781.3328880000001	15	2.3090760707855225
1716036455.525446	1336	1781.3328880000001	15	2.259514570236206
1716036455.5761073	1336	1781.3328880000001	15	2.2045485973358154
1716036455.6267242	1336	1781.3328880000001	15	2.148838996887207
1716036455.6772432	1336	1781.3328880000001	15	2.1122050285339355
1716036455.7278454	1336	1781.3328880000001	15	2.059847593307495
1716036455.7784667	1336	1781.3328880000001	15	1.9978868961334229
1716036455.8289883	1336	1781.3328880000001	15	1.952423095703125
1716036455.8795593	1336	1781.3328880000001	15	1.9111042022705078
1716036455.9662943	1336	1781.3328880000001	16	3.602527618408203
1716036456.011772	1336	1781.3328880000001	16	3.5580220222473145
1716036456.062226	1336	1781.3328880000001	16	3.5107247829437256
1716036456.1127496	1336	1781.3328880000001	16	3.478198766708374
1716036456.1632178	1336	1781.3328880000001	16	3.4077019691467285
1716036456.213813	1336	1781.3328880000001	16	3.3681018352508545
1716036456.264332	1336	1781.3328880000001	16	3.307537078857422
1716036456.3149247	1336	1781.3328880000001	16	3.26288104057312
1716036456.3654742	1336	1781.3328880000001	16	3.232133626937866
1716036456.4160821	1336	1781.3328880000001	16	3.1628715991973877
1716036456.4667404	1336	1781.3328880000001	16	3.1073930263519287
1716036456.5173042	1336	1781.3328880000001	16	3.0578086376190186
1716036456.5678718	1336	1781.3328880000001	16	3.0120091438293457
1716036456.618471	1336	1781.3328880000001	16	2.9625070095062256
1716036456.668997	1336	1781.3328880000001	16	2.9069957733154297
1716036456.7195811	1336	1781.3328880000001	16	2.8807687759399414
1716036456.7700992	1336	1781.3328880000001	16	2.806791067123413
1716036456.8206122	1336	1781.3328880000001	16	2.766615629196167
1716036456.8711607	1336	1781.3328880000001	16	2.721534013748169
1716036456.9216995	1336	1781.3328880000001	16	2.661266803741455
1716036456.9722388	1336	1781.3328880000001	16	2.615805149078369
1716036457.0228565	1336	1781.3328880000001	16	2.570716619491577
1716036457.0735264	1336	1781.3328880000001	16	2.524845600128174
1716036457.1239455	1336	1781.3328880000001	16	2.4800925254821777
1716036457.1745973	1336	1781.3328880000001	16	2.4093856811523438
1716036457.2251384	1336	1781.3328880000001	16	2.363997220993042
1716036457.2756374	1336	1781.3328880000001	16	2.3095016479492188
1716036457.32618	1336	1781.3328880000001	16	2.2639544010162354
1716036457.3767173	1336	1781.3328880000001	16	2.217674493789673
1716036457.427237	1336	1781.3328880000001	16	2.1589231491088867
1716036457.477813	1336	1781.3328880000001	16	2.1175858974456787
1716036457.5284111	1336	1781.3328880000001	16	2.0682032108306885
1716036457.5789094	1336	1781.3328880000001	16	2.0205090045928955
1716036457.6296716	1336	1781.3328880000001	16	1.962193250656128
1716036457.6802402	1336	1781.3328880000001	16	1.9209928512573242
1716036457.7308025	1336	1781.3328880000001	16	1.8724052906036377
1716036457.799456	1336	1781.3328880000001	17	3.4566261768341064
1716036457.8403087	1336	1781.3328880000001	17	3.4166476726531982
1716036457.890825	1336	1781.3328880000001	17	3.3669309616088867
1716036457.9412735	1336	1781.3328880000001	17	3.317321538925171
1716036457.991725	1336	1781.3328880000001	17	3.267777919769287
1716036458.0422423	1336	1781.3328880000001	17	3.240778923034668
1716036458.0927331	1336	1781.3328880000001	17	3.1685047149658203
1716036458.1476314	1336	1781.3328880000001	17	3.1143901348114014
1716036458.198141	1336	1781.3328880000001	17	3.064732074737549
1716036458.2487679	1336	1781.3328880000001	17	3.015017509460449
1716036458.2994022	1336	1781.3328880000001	17	2.9824936389923096
1716036458.350192	1336	1781.3328880000001	17	2.9247846603393555
1716036458.4007366	1336	1781.3328880000001	17	2.8597018718719482
1716036458.4512496	1336	1781.3328880000001	17	2.8144288063049316
1716036458.5017838	1336	1781.3328880000001	17	2.7694146633148193
1716036458.552334	1336	1781.3328880000001	17	2.723552703857422
1716036458.6027858	1336	1781.3328880000001	17	2.6638808250427246
1716036458.653343	1336	1781.3328880000001	17	2.618767738342285
1716036458.703915	1336	1781.3328880000001	17	2.5728704929351807
1716036458.7545187	1336	1781.3328880000001	17	2.5130128860473633
1716036458.8050585	1336	1781.3328880000001	17	2.4678595066070557
1716036458.8557184	1336	1781.3328880000001	17	2.4219319820404053
1716036458.906302	1336	1781.3328880000001	17	2.374802350997925
1716036458.9568586	1336	1781.3328880000001	17	2.311539888381958
1716036459.0074098	1336	1781.3328880000001	17	2.266575574874878
1716036459.0579545	1336	1781.3328880000001	17	2.220578908920288
1716036459.1084464	1336	1781.3328880000001	17	2.1608009338378906
1716036459.1589599	1336	1781.3328880000001	17	2.105841636657715
1716036459.2094946	1336	1781.3328880000001	17	2.0699639320373535
1716036459.2600236	1336	1781.3328880000001	17	2.010087490081787
1716036459.3105848	1336	1781.3328880000001	17	1.9732766151428223
1716036459.3611023	1336	1781.3328880000001	17	1.9191670417785645
1716036459.4117148	1336	1781.3328880000001	18	3.7401928901672363
1716036459.4623344	1336	1781.3328880000001	18	3.690675973892212
1716036459.5127788	1336	1781.3328880000001	18	3.648343801498413
1716036459.5634391	1336	1781.3328880000001	18	3.5907535552978516
1716036459.6138468	1336	1781.3328880000001	18	3.5456161499023438
1716036459.6644032	1336	1781.3328880000001	18	3.4907562732696533
1716036459.714938	1336	1781.3328880000001	18	3.451878309249878
1716036459.7655	1336	1781.3328880000001	18	3.3923861980438232
1716036459.8160284	1336	1781.3328880000001	18	3.3425745964050293
1716036459.8665602	1336	1781.3328880000001	18	3.29374098777771
1716036459.9170966	1336	1781.3328880000001	18	3.2533435821533203
1716036459.9675984	1336	1781.3328880000001	18	3.2116141319274902
1716036460.0181565	1336	1781.3328880000001	18	3.1379950046539307
1716036460.0687752	1336	1781.3328880000001	18	3.0882465839385986
1716036460.1193206	1336	1781.3328880000001	18	3.052783250808716
1716036460.1697936	1336	1781.3328880000001	18	3.012234926223755
1716036460.22031	1336	1781.3328880000001	18	2.96103835105896
1716036460.2709155	1336	1781.3328880000001	18	2.8918375968933105
1716036460.3214538	1336	1781.3328880000001	18	2.846315622329712
1716036460.3720715	1336	1781.3328880000001	18	2.7916345596313477
1716036460.4225726	1336	1781.3328880000001	18	2.7461469173431396
1716036460.4729004	1336	1781.3328880000001	18	2.700157403945923
1716036460.5234575	1336	1781.3328880000001	18	2.6411612033843994
1716036460.5738196	1336	1781.3328880000001	18	2.5957655906677246
1716036460.6243455	1336	1781.3328880000001	18	2.5495707988739014
1716036460.6748264	1336	1781.3328880000001	18	2.5000216960906982
1716036460.7254345	1336	1781.3328880000001	18	2.4527900218963623
1716036460.775964	1336	1781.3328880000001	18	2.3894052505493164
1716036460.8265364	1336	1781.3328880000001	18	2.349138021469116
1716036460.8770669	1336	1781.3328880000001	18	2.303046464920044
1716036460.9277258	1336	1781.3328880000001	18	2.2434778213500977
1716036460.978339	1336	1781.3328880000001	18	2.1877245903015137
1716036461.0289087	1336	1781.3328880000001	18	2.147583484649658
1716036461.0795205	1336	1781.3328880000001	18	2.082441568374634
1716036461.130135	1336	1781.3328880000001	18	2.047208786010742
1716036461.1807806	1336	1781.3328880000001	18	2.0027225017547607
1716036461.231444	1336	1781.3328880000001	18	1.9529168605804443
1716036461.291161	1336	1781.3328880000001	19	3.6752142906188965
1716036461.3355744	1336	1781.3328880000001	19	3.6343307495117188
1716036461.3860292	1336	1781.3328880000001	19	3.6019914150238037
1716036461.4366016	1336	1781.3328880000001	19	3.5309388637542725
1716036461.487163	1336	1781.3328880000001	19	3.4814531803131104
1716036461.537707	1336	1781.3328880000001	19	3.4330670833587646
1716036461.588261	1336	1781.3328880000001	19	3.4022905826568604
1716036461.6387782	1336	1781.3328880000001	19	3.3404557704925537
1716036461.6893337	1336	1781.3328880000001	19	3.284212112426758
1716036461.7398534	1336	1781.3328880000001	19	3.2345359325408936
1716036461.7904954	1336	1781.3328880000001	19	3.1895692348480225
1716036461.8410194	1336	1781.3328880000001	19	3.15677547454834
1716036461.8915653	1336	1781.3328880000001	19	3.08362078666687
1716036461.942063	1336	1781.3328880000001	19	3.0389082431793213
1716036461.9926157	1336	1781.3328880000001	19	2.9927594661712646
1716036462.0432005	1336	1781.3328880000001	19	2.9328906536102295
1716036462.0938427	1336	1781.3328880000001	19	2.8778867721557617
1716036462.1444592	1336	1781.3328880000001	19	2.8375403881073
1716036462.1950824	1336	1781.3328880000001	19	2.782060384750366
1716036462.2456748	1336	1781.3328880000001	19	2.7267472743988037
1716036462.2963085	1336	1781.3328880000001	19	2.6820006370544434
1716036462.346892	1336	1781.3328880000001	19	2.6531424522399902
1716036462.3974547	1336	1781.3328880000001	19	2.597289800643921
1716036462.4480505	1336	1781.3328880000001	19	2.5381085872650146
1716036462.4987144	1336	1781.3328880000001	19	2.4883172512054443
1716036462.5492659	1336	1781.3328880000001	19	2.4424209594726562
1716036462.5998282	1336	1781.3328880000001	19	2.3928022384643555
1716036462.6503398	1336	1781.3328880000001	19	2.3453266620635986
1716036462.7008367	1336	1781.3328880000001	19	2.281984567642212
1716036462.751404	1336	1781.3328880000001	19	2.245192527770996
1716036462.801904	1336	1781.3328880000001	19	2.191622257232666
1716036462.8524568	1336	1781.3328880000001	19	2.1312661170959473
1716036462.9029973	1336	1781.3328880000001	19	2.0859274864196777
1716036462.95365	1336	1781.3328880000001	19	2.0308597087860107
1716036463.0042605	1336	1781.3328880000001	19	1.9945013523101807
1716036463.0548496	1336	1781.3328880000001	19	1.9348211288452148
1716036463.1053843	1336	1781.3328880000001	20	3.460876941680908
1716036463.1885436	1336	1781.3328880000001	20	3.3786075115203857
1716036463.2341318	1336	1781.3328880000001	20	3.333906650543213
1716036463.2846484	1336	1781.3328880000001	20	3.2854292392730713
1716036463.3396974	1336	1781.3328880000001	20	3.2293708324432373
1716036463.3901484	1336	1781.3328880000001	20	3.180795192718506
1716036463.4407318	1336	1781.3328880000001	20	3.1311893463134766
1716036463.4914186	1336	1781.3328880000001	20	3.0812337398529053
1716036463.5420303	1336	1781.3328880000001	20	3.0314204692840576
1716036463.592678	1336	1781.3328880000001	20	2.9872303009033203
1716036463.6432648	1336	1781.3328880000001	20	2.9309468269348145
1716036463.6938276	1336	1781.3328880000001	20	2.8812472820281982
1716036463.7444403	1336	1781.3328880000001	20	2.840960741043091
1716036463.7950258	1336	1781.3328880000001	20	2.7854533195495605
1716036463.8455768	1336	1781.3328880000001	20	2.7302768230438232
1716036463.8962054	1336	1781.3328880000001	20	2.684906244277954
1716036463.9467683	1336	1781.3328880000001	20	2.62988543510437
1716036463.9973335	1336	1781.3328880000001	20	2.5848963260650635
1716036464.047922	1336	1781.3328880000001	20	2.5295257568359375
1716036464.0985763	1336	1781.3328880000001	20	2.4879283905029297
1716036464.1491702	1336	1781.3328880000001	20	2.433889865875244
1716036464.1997912	1336	1781.3328880000001	20	2.3785879611968994
1716036464.2504392	1336	1781.3328880000001	20	2.3368029594421387
1716036464.3010788	1336	1781.3328880000001	20	2.286891460418701
1716036464.3516033	1336	1781.3328880000001	20	2.2322428226470947
1716036464.4021826	1336	1781.3328880000001	20	2.1868324279785156
1716036464.4527688	1336	1781.3328880000001	20	2.126328706741333
1716036464.5033746	1336	1781.3328880000001	20	2.0875771045684814
1716036464.5538888	1336	1781.3328880000001	20	2.037822961807251
1716036464.604533	1336	1781.3328880000001	20	1.9800806045532227
1716036464.655084	1336	1781.3328880000001	20	1.9347708225250244
1716036464.705713	1336	1781.3328880000001	20	1.8868322372436523
1716036464.7562346	1336	1781.3328880000001	21	3.60701584815979
1716036464.806891	1336	1781.3328880000001	21	3.5573675632476807
1716036464.8575451	1336	1781.3328880000001	21	3.507791519165039
1716036464.907983	1336	1781.3328880000001	21	3.458230495452881
1716036464.9587083	1336	1781.3328880000001	21	3.4085917472839355
1716036465.0092993	1336	1781.3328880000001	21	3.358971357345581
1716036465.0598652	1336	1781.3328880000001	21	3.309309482574463
1716036465.110503	1336	1781.3328880000001	21	3.2746846675872803
1716036465.1609292	1336	1781.3328880000001	21	3.2288267612457275
1716036465.211544	1336	1781.3328880000001	21	3.1791179180145264
1716036465.2621155	1336	1781.3328880000001	21	3.1293795108795166
1716036465.3126135	1336	1781.3328880000001	21	3.0591840744018555
1716036465.3631387	1336	1781.3328880000001	21	3.019289970397949
1716036465.4136949	1336	1781.3328880000001	21	2.9741978645324707
1716036465.4642215	1336	1781.3328880000001	21	2.9289727210998535
1716036465.514795	1336	1781.3328880000001	21	2.8586647510528564
1716036465.5654402	1336	1781.3328880000001	21	2.8233466148376465
1716036465.6160161	1336	1781.3328880000001	21	2.7629575729370117
1716036465.6666431	1336	1781.3328880000001	21	2.7172768115997314
1716036465.7172444	1336	1781.3328880000001	21	2.6569437980651855
1716036465.767749	1336	1781.3328880000001	21	2.612095594406128
1716036465.81834	1336	1781.3328880000001	21	2.5516812801361084
1716036465.8689365	1336	1781.3328880000001	21	2.506380081176758
1716036465.919638	1336	1781.3328880000001	21	2.4611220359802246
1716036465.9701536	1336	1781.3328880000001	21	2.4006614685058594
1716036466.02069	1336	1781.3328880000001	21	2.36539363861084
1716036466.0713258	1336	1781.3328880000001	21	2.3102774620056152
1716036466.1218202	1336	1781.3328880000001	21	2.254744291305542
1716036466.172386	1336	1781.3328880000001	21	2.2146050930023193
1716036466.2229826	1336	1781.3328880000001	21	2.169377565383911
1716036466.2735865	1336	1781.3328880000001	21	2.1038060188293457
1716036466.324124	1336	1781.3328880000001	21	2.0485072135925293
1716036466.374785	1336	1781.3328880000001	21	2.00840425491333
1716036466.4254131	1336	1781.3328880000001	21	1.9527757167816162
1716036466.475948	1336	1781.3328880000001	22	3.6208150386810303
1716036466.5265386	1336	1781.3328880000001	22	3.572157382965088
1716036466.5975795	1336	1781.3328880000001	22	3.5002474784851074
1716036466.640796	1336	1781.3328880000001	22	3.4588496685028076
1716036466.6912508	1336	1781.3328880000001	22	3.409259080886841
1716036466.741796	1336	1781.3328880000001	22	3.3596904277801514
1716036466.792256	1336	1781.3328880000001	22	3.3102822303771973
1716036466.8427863	1336	1781.3328880000001	22	3.276556968688965
1716036466.8934534	1336	1781.3328880000001	22	3.2101199626922607
1716036466.944034	1336	1781.3328880000001	22	3.1603844165802
1716036466.9945388	1336	1781.3328880000001	22	3.115046262741089
1716036467.0494757	1336	1781.3328880000001	22	3.05574631690979
1716036467.099969	1336	1781.3328880000001	22	3.010478973388672
1716036467.1505368	1336	1781.3328880000001	22	2.9758174419403076
1716036467.2011602	1336	1781.3328880000001	22	2.904921054840088
1716036467.2517753	1336	1781.3328880000001	22	2.859485626220703
1716036467.3023083	1336	1781.3328880000001	22	2.82650089263916
1716036467.3528485	1336	1781.3328880000001	22	2.7541892528533936
1716036467.4033742	1336	1781.3328880000001	22	2.7087321281433105
1716036467.45389	1336	1781.3328880000001	22	2.6540415287017822
1716036467.504514	1336	1781.3328880000001	22	2.6084721088409424
1716036467.5550432	1336	1781.3328880000001	22	2.5626518726348877
1716036467.6055493	1336	1781.3328880000001	22	2.512923002243042
1716036467.656096	1336	1781.3328880000001	22	2.452739715576172
1716036467.7067366	1336	1781.3328880000001	22	2.407172918319702
1716036467.757263	1336	1781.3328880000001	22	2.365584135055542
1716036467.8078587	1336	1781.3328880000001	22	2.306980848312378
1716036467.8584733	1336	1781.3328880000001	22	2.266143560409546
1716036467.9089823	1336	1781.3328880000001	22	2.214806079864502
1716036467.9595547	1336	1781.3328880000001	22	2.1605935096740723
1716036468.0100818	1336	1781.3328880000001	22	2.1056816577911377
1716036468.0606303	1336	1781.3328880000001	22	2.064826488494873
1716036468.1111767	1336	1781.3328880000001	22	2.0098018646240234
1716036468.161749	1336	1781.3328880000001	22	1.9662120342254639
1716036468.212308	1336	1781.3328880000001	22	1.904287576675415
1716036468.2628176	1336	1781.3328880000001	22	1.8591697216033936
1716036468.3133974	1336	1781.3328880000001	22	1.813746452331543
1716036468.3965094	1336	1781.3328880000001	23	3.7111504077911377
1716036468.439474	1336	1781.3328880000001	23	3.6712539196014404
1716036468.4899876	1336	1781.3328880000001	23	3.6186814308166504
1716036468.5405047	1336	1781.3328880000001	23	3.5691299438476562
1716036468.5909705	1336	1781.3328880000001	23	3.520909070968628
1716036468.6415186	1336	1781.3328880000001	23	3.4712936878204346
1716036468.692032	1336	1781.3328880000001	23	3.4227168560028076
1716036468.7425647	1336	1781.3328880000001	23	3.382373809814453
1716036468.7930882	1336	1781.3328880000001	23	3.3367044925689697
1716036468.8437028	1336	1781.3328880000001	23	3.271928310394287
1716036468.8943775	1336	1781.3328880000001	23	3.2406582832336426
1716036468.944869	1336	1781.3328880000001	23	3.171605110168457
1716036468.9997663	1336	1781.3328880000001	23	3.136148691177368
1716036469.05042	1336	1781.3328880000001	23	3.071141481399536
1716036469.1009245	1336	1781.3328880000001	23	3.0312540531158447
1716036469.1515791	1336	1781.3328880000001	23	2.9656214714050293
1716036469.202204	1336	1781.3328880000001	23	2.915807008743286
1716036469.252809	1336	1781.3328880000001	23	2.8702774047851562
1716036469.3034248	1336	1781.3328880000001	23	2.8103065490722656
1716036469.3540301	1336	1781.3328880000001	23	2.780122756958008
1716036469.4046838	1336	1781.3328880000001	23	2.719337224960327
1716036469.45521	1336	1781.3328880000001	23	2.663860321044922
1716036469.5057948	1336	1781.3328880000001	23	2.6141886711120605
1716036469.5563388	1336	1781.3328880000001	23	2.581712007522583
1716036469.6069417	1336	1781.3328880000001	23	2.513868808746338
1716036469.6575782	1336	1781.3328880000001	23	2.468366861343384
1716036469.708202	1336	1781.3328880000001	23	2.422339677810669
1716036469.7587965	1336	1781.3328880000001	23	2.3725669384002686
1716036469.8094318	1336	1781.3328880000001	23	2.3174808025360107
1716036469.864025	1336	1781.3328880000001	23	2.272747039794922
1716036469.9145958	1336	1781.3328880000001	23	2.207670211791992
1716036469.965172	1336	1781.3328880000001	23	2.162713050842285
1716036470.0156658	1336	1781.3328880000001	23	2.117379665374756
1716036470.0662267	1336	1781.3328880000001	24	3.8816874027252197
1716036470.1394713	1336	1781.3328880000001	24	3.8093254566192627
1716036470.1800125	1336	1781.3328880000001	24	3.76985239982605
1716036470.230465	1336	1781.3328880000001	24	3.7204430103302
1716036470.280935	1336	1781.3328880000001	24	3.6751902103424072
1716036470.3314161	1336	1781.3328880000001	24	3.6299986839294434
1716036470.3819818	1336	1781.3328880000001	24	3.570329427719116
1716036470.4325492	1336	1781.3328880000001	24	3.529686689376831
1716036470.483673	1336	1781.3328880000001	24	3.469527244567871
1716036470.5341792	1336	1781.3328880000001	24	3.420090436935425
1716036470.5847437	1336	1781.3328880000001	24	3.370420455932617
1716036470.635305	1336	1781.3328880000001	24	3.346292018890381
1716036470.6857638	1336	1781.3328880000001	24	3.2869160175323486
1716036470.7363	1336	1781.3328880000001	24	3.221768379211426
1716036470.7868583	1336	1781.3328880000001	24	3.181797981262207
1716036470.8374321	1336	1781.3328880000001	24	3.1265816688537598
1716036470.8879588	1336	1781.3328880000001	24	3.081580877304077
1716036470.9385643	1336	1781.3328880000001	24	3.0203304290771484
1716036470.9891598	1336	1781.3328880000001	24	2.9902870655059814
1716036471.0397768	1336	1781.3328880000001	24	2.9206764698028564
1716036471.0904055	1336	1781.3328880000001	24	2.8753929138183594
1716036471.1448734	1336	1781.3328880000001	24	2.8264455795288086
1716036471.1954608	1336	1781.3328880000001	24	2.774902582168579
1716036471.2459757	1336	1781.3328880000001	24	2.7109766006469727
1716036471.296549	1336	1781.3328880000001	24	2.670414686203003
1716036471.3471735	1336	1781.3328880000001	24	2.628218650817871
1716036471.3977325	1336	1781.3328880000001	24	2.5786635875701904
1716036471.4483125	1336	1781.3328880000001	24	2.5194363594055176
1716036471.4988334	1336	1781.3328880000001	24	2.464270830154419
1716036471.549408	1336	1781.3328880000001	24	2.4242043495178223
1716036471.599915	1336	1781.3328880000001	24	2.3777949810028076
1716036471.650466	1336	1781.3328880000001	24	2.3281216621398926
1716036471.7009764	1336	1781.3328880000001	24	2.2586913108825684
1716036471.7515788	1336	1781.3328880000001	24	2.222878932952881
1716036471.802062	1336	1781.3328880000001	24	2.1783065795898438
1716036471.8526928	1336	1781.3328880000001	24	2.112241268157959
1716036471.903244	1336	1781.3328880000001	25	4.004206895828247
1716036471.9537702	1336	1781.3328880000001	25	3.9550652503967285
1716036472.0088387	1336	1781.3328880000001	25	3.928287982940674
1716036472.059382	1336	1781.3328880000001	25	3.854224920272827
1716036472.1458733	1336	1781.3328880000001	25	3.7792110443115234
1716036472.188753	1336	1781.3328880000001	25	3.7442963123321533
1716036472.2393892	1336	1781.3328880000001	25	3.671437978744507
1716036472.2898552	1336	1781.3328880000001	25	3.621986150741577
1716036472.340401	1336	1781.3328880000001	25	3.5723302364349365
1716036472.3908575	1336	1781.3328880000001	25	3.5270192623138428
1716036472.4413757	1336	1781.3328880000001	25	3.4874026775360107
1716036472.49186	1336	1781.3328880000001	25	3.432283878326416
1716036472.5424044	1336	1781.3328880000001	25	3.372246026992798
1716036472.5928738	1336	1781.3328880000001	25	3.3168952465057373
1716036472.6434598	1336	1781.3328880000001	25	3.290757656097412
1716036472.694077	1336	1781.3328880000001	25	3.244910478591919
1716036472.7447112	1336	1781.3328880000001	25	3.1811740398406982
1716036472.795255	1336	1781.3328880000001	25	3.144622325897217
1716036472.8457882	1336	1781.3328880000001	25	3.085660934448242
1716036472.896414	1336	1781.3328880000001	25	3.019954204559326
1716036472.9469078	1336	1781.3328880000001	25	2.9701921939849854
1716036472.9975007	1336	1781.3328880000001	25	2.9248929023742676
1716036473.0480437	1336	1781.3328880000001	25	2.8789467811584473
1716036473.0985732	1336	1781.3328880000001	25	2.843661069869995
1716036473.149103	1336	1781.3328880000001	25	2.7741236686706543
1716036473.1996276	1336	1781.3328880000001	25	2.728142738342285
1716036473.2502007	1336	1781.3328880000001	25	2.6685919761657715
1716036473.3007824	1336	1781.3328880000001	25	2.6289680004119873
1716036473.3513744	1336	1781.3328880000001	25	2.580897808074951
1716036473.4019797	1336	1781.3328880000001	25	2.5176479816436768
1716036473.4525294	1336	1781.3328880000001	25	2.46793794631958
1716036473.5030608	1336	1781.3328880000001	25	2.427529811859131
1716036473.5535827	1336	1781.3328880000001	25	2.3618719577789307
1716036473.6041644	1336	1781.3328880000001	25	2.331092357635498
1716036473.6547165	1336	1781.3328880000001	25	2.283356189727783
1716036473.7053652	1336	1781.3328880000001	25	2.2308101654052734
1716036473.7559688	1336	1781.3328880000001	25	2.1654837131500244
1716036473.806541	1336	1781.3328880000001	25	2.134157657623291
1716036473.8570905	1336	1781.3328880000001	26	4.002317667007446
1716036473.9076114	1336	1781.3328880000001	26	3.9530045986175537
1716036473.9895012	1336	1781.3328880000001	26	3.8728408813476562
1716036474.0313349	1336	1781.3328880000001	26	3.831883668899536
1716036474.0820289	1336	1781.3328880000001	26	3.7818973064422607
1716036474.1325877	1336	1781.3328880000001	26	3.72894287109375
1716036474.1830447	1336	1781.3328880000001	26	3.6818230152130127
1716036474.233712	1336	1781.3328880000001	26	3.6321444511413574
1716036474.284228	1336	1781.3328880000001	26	3.582688570022583
1716036474.3347914	1336	1781.3328880000001	26	3.5329630374908447
1716036474.3854141	1336	1781.3328880000001	26	3.5030767917633057
1716036474.4359615	1336	1781.3328880000001	26	3.4326703548431396
1716036474.4865115	1336	1781.3328880000001	26	3.3831276893615723
1716036474.5370352	1336	1781.3328880000001	26	3.337613105773926
1716036474.5875711	1336	1781.3328880000001	26	3.3020880222320557
1716036474.6380877	1336	1781.3328880000001	26	3.2375681400299072
1716036474.6886406	1336	1781.3328880000001	26	3.181813955307007
1716036474.7392352	1336	1781.3328880000001	26	3.1511991024017334
1716036474.7898538	1336	1781.3328880000001	26	3.101414203643799
1716036474.8404202	1336	1781.3328880000001	26	3.0308878421783447
1716036474.8910606	1336	1781.3328880000001	26	3.0039772987365723
1716036474.9415998	1336	1781.3328880000001	26	2.9412877559661865
1716036474.9921448	1336	1781.3328880000001	26	2.8809289932250977
1716036475.0427313	1336	1781.3328880000001	26	2.835444688796997
1716036475.0933056	1336	1781.3328880000001	26	2.7942826747894287
1716036475.1437638	1336	1781.3328880000001	26	2.740018606185913
1716036475.1943457	1336	1781.3328880000001	26	2.6795918941497803
1716036475.2448533	1336	1781.3328880000001	26	2.648247241973877
1716036475.295459	1336	1781.3328880000001	26	2.5837483406066895
1716036475.3459985	1336	1781.3328880000001	26	2.534031867980957
1716036475.3965569	1336	1781.3328880000001	26	2.488318681716919
1716036475.447086	1336	1781.3328880000001	26	2.433774471282959
1716036475.4977381	1336	1781.3328880000001	26	2.3880562782287598
1716036475.5483012	1336	1781.3328880000001	26	2.345747470855713
1716036475.5989006	1336	1781.3328880000001	26	2.2879233360290527
1716036475.6495657	1336	1781.3328880000001	26	2.2269253730773926
1716036475.7001266	1336	1781.3328880000001	26	2.1817574501037598
1716036475.750848	1336	1781.3328880000001	26	2.14119291305542
1716036475.801334	1336	1781.3328880000001	26	2.070772647857666
1716036475.8518517	1336	1781.3328880000001	26	2.025463819503784
1716036475.902412	1336	1781.3328880000001	27	3.9749534130096436
1716036475.952801	1336	1781.3328880000001	27	3.9272844791412354
1716036476.0032473	1336	1781.3328880000001	27	3.875063180923462
1716036476.0580518	1336	1781.3328880000001	27	3.82108473777771
1716036476.1086109	1336	1781.3328880000001	27	3.772852659225464
1716036476.159206	1336	1781.3328880000001	27	3.7231619358062744
1716036476.209851	1336	1781.3328880000001	27	3.674281358718872
1716036476.2603977	1336	1781.3328880000001	27	3.6294658184051514
1716036476.3109763	1336	1781.3328880000001	27	3.5740597248077393
1716036476.3615296	1336	1781.3328880000001	27	3.5291945934295654
1716036476.4120665	1336	1781.3328880000001	27	3.4738428592681885
1716036476.4625828	1336	1781.3328880000001	27	3.4379725456237793
1716036476.5131297	1336	1781.3328880000001	27	3.378483772277832
1716036476.5637808	1336	1781.3328880000001	27	3.323045015335083
1716036476.6144345	1336	1781.3328880000001	27	3.2780754566192627
1716036476.664844	1336	1781.3328880000001	27	3.223116874694824
1716036476.7154284	1336	1781.3328880000001	27	3.1678884029388428
1716036476.766039	1336	1781.3328880000001	27	3.144538402557373
1716036476.8165672	1336	1781.3328880000001	27	3.072340488433838
1716036476.8671815	1336	1781.3328880000001	27	3.036738634109497
1716036476.9177744	1336	1781.3328880000001	27	2.986910104751587
1716036476.968396	1336	1781.3328880000001	27	2.9405155181884766
1716036477.0189226	1336	1781.3328880000001	27	2.8762433528900146
1716036477.0695267	1336	1781.3328880000001	27	2.8265023231506348
1716036477.120051	1336	1781.3328880000001	27	2.78135347366333
1716036477.1706097	1336	1781.3328880000001	27	2.735863447189331
1716036477.2211776	1336	1781.3328880000001	27	2.684390068054199
1716036477.27171	1336	1781.3328880000001	27	2.6251471042633057
1716036477.3222635	1336	1781.3328880000001	27	2.5798604488372803
1716036477.372796	1336	1781.3328880000001	27	2.524970531463623
1716036477.42334	1336	1781.3328880000001	27	2.4796857833862305
1716036477.473918	1336	1781.3328880000001	27	2.4195556640625
1716036477.5244946	1336	1781.3328880000001	27	2.3743157386779785
1716036477.5750158	1336	1781.3328880000001	27	2.319335460662842
1716036477.6255646	1336	1781.3328880000001	27	2.2817602157592773
1716036477.676199	1336	1781.3328880000001	27	2.223497152328491
1716036477.7267895	1336	1781.3328880000001	27	2.182986259460449
1716036477.7776146	1336	1781.3328880000001	27	2.1305763721466064
1716036477.8281682	1336	1781.3328880000001	28	3.862043619155884
1716036477.9044359	1336	1781.3328880000001	28	3.816148281097412
1716036477.9437156	1336	1781.3328880000001	28	3.7529730796813965
1716036477.9941154	1336	1781.3328880000001	28	3.7179765701293945
1716036478.0445497	1336	1781.3328880000001	28	3.6511473655700684
1716036478.0949807	1336	1781.3328880000001	28	3.6221842765808105
1716036478.1455395	1336	1781.3328880000001	28	3.5673904418945312
1716036478.196098	1336	1781.3328880000001	28	3.5014641284942627
1716036478.2466238	1336	1781.3328880000001	28	3.4714536666870117
1716036478.2971597	1336	1781.3328880000001	28	3.4263112545013428
1716036478.3477967	1336	1781.3328880000001	28	3.3505935668945312
1716036478.3982995	1336	1781.3328880000001	28	3.3054230213165283
1716036478.4488325	1336	1781.3328880000001	28	3.250430107116699
1716036478.4993467	1336	1781.3328880000001	28	3.215128183364868
1716036478.5497165	1336	1781.3328880000001	28	3.160475969314575
1716036478.600217	1336	1781.3328880000001	28	3.0998878479003906
1716036478.6507888	1336	1781.3328880000001	28	3.0735206604003906
1716036478.7013655	1336	1781.3328880000001	28	3.00539231300354
1716036478.7519162	1336	1781.3328880000001	28	2.949127435684204
1716036478.8024635	1336	1781.3328880000001	28	2.9235196113586426
1716036478.8530176	1336	1781.3328880000001	28	2.8491246700286865
1716036478.9035487	1336	1781.3328880000001	28	2.8040575981140137
1716036478.954093	1336	1781.3328880000001	28	2.7489495277404785
1716036479.0046318	1336	1781.3328880000001	28	2.703805446624756
1716036479.0553071	1336	1781.3328880000001	28	2.6723544597625732
1716036479.1058598	1336	1781.3328880000001	28	2.607767105102539
1716036479.1564121	1336	1781.3328880000001	28	2.552983522415161
1716036479.2070298	1336	1781.3328880000001	28	2.508305788040161
1716036479.257666	1336	1781.3328880000001	28	2.446697950363159
1716036479.3081858	1336	1781.3328880000001	28	2.4107134342193604
1716036479.3587735	1336	1781.3328880000001	28	2.3464696407318115
1716036479.409336	1336	1781.3328880000001	28	2.3103787899017334
1716036479.459868	1336	1781.3328880000001	28	2.2653114795684814
1716036479.5103798	1336	1781.3328880000001	28	2.195563554763794
1716036479.5654416	1336	1781.3328880000001	28	2.150782585144043
1716036479.6159961	1336	1781.3328880000001	28	2.112569808959961
1716036479.666608	1336	1781.3328880000001	28	2.044626235961914
1716036479.717173	1336	1781.3328880000001	28	2.0045814514160156
1716036479.7677805	1336	1781.3328880000001	28	1.9590065479278564
1716036479.8183541	1336	1781.3328880000001	28	1.9043126106262207
1716036479.86889	1336	1781.3328880000001	29	3.8308002948760986
1716036479.9205797	1336	1781.3328880000001	29	3.7817230224609375
1716036479.9703083	1336	1781.3328880000001	29	3.731187582015991
1716036480.020797	1336	1781.3328880000001	29	3.6797401905059814
1716036480.0713892	1336	1781.3328880000001	29	3.631777048110962
1716036480.1218333	1336	1781.3328880000001	29	3.5822207927703857
1716036480.1725876	1336	1781.3328880000001	29	3.532331943511963
1716036480.2231545	1336	1781.3328880000001	29	3.4826385974884033
1716036480.273681	1336	1781.3328880000001	29	3.447819232940674
1716036480.3242037	1336	1781.3328880000001	29	3.382744312286377
1716036480.3747845	1336	1781.3328880000001	29	3.3479385375976562
1716036480.425414	1336	1781.3328880000001	29	3.282355546951294
1716036480.4760594	1336	1781.3328880000001	29	3.232544422149658
1716036480.526629	1336	1781.3328880000001	29	3.2019405364990234
1716036480.5771446	1336	1781.3328880000001	29	3.13253116607666
1716036480.6276824	1336	1781.3328880000001	29	3.087279796600342
1716036480.6782017	1336	1781.3328880000001	29	3.0415542125701904
1716036480.7287831	1336	1781.3328880000001	29	2.981740951538086
1716036480.779334	1336	1781.3328880000001	29	2.9413225650787354
1716036480.8299067	1336	1781.3328880000001	29	2.8956079483032227
1716036480.8805342	1336	1781.3328880000001	29	2.8308777809143066
1716036480.9310489	1336	1781.3328880000001	29	2.784821033477783
1716036480.9815567	1336	1781.3328880000001	29	2.745307683944702
1716036481.0321436	1336	1781.3328880000001	29	2.6847755908966064
1716036481.0827935	1336	1781.3328880000001	29	2.6295974254608154
1716036481.133315	1336	1781.3328880000001	29	2.5846798419952393
1716036481.1838012	1336	1781.3328880000001	29	2.5294063091278076
1716036481.2343793	1336	1781.3328880000001	29	2.4893107414245605
1716036481.285003	1336	1781.3328880000001	29	2.4427103996276855
1716036481.3354826	1336	1781.3328880000001	29	2.3833847045898438
1716036481.3860397	1336	1781.3328880000001	29	2.3279895782470703
1716036481.43661	1336	1781.3328880000001	29	2.287968635559082
1716036481.487177	1336	1781.3328880000001	30	3.911510705947876
1716036481.5377305	1336	1781.3328880000001	30	3.8619954586029053
1716036481.5883079	1336	1781.3328880000001	30	3.850350856781006
1716036481.6387377	1336	1781.3328880000001	30	3.7972371578216553
1716036481.6904604	1336	1781.3328880000001	30	3.71458101272583
1716036481.740246	1336	1781.3328880000001	30	3.690878391265869
1716036481.7906525	1336	1781.3328880000001	30	3.6152865886688232
1716036481.8412168	1336	1781.3328880000001	30	3.5956413745880127
1716036481.8917217	1336	1781.3328880000001	30	3.5402939319610596
1716036481.9421942	1336	1781.3328880000001	30	3.464815855026245
1716036481.992783	1336	1781.3328880000001	30	3.4348812103271484
1716036482.0433183	1336	1781.3328880000001	30	3.3645949363708496
1716036482.0938969	1336	1781.3328880000001	30	3.3292484283447266
1716036482.1445143	1336	1781.3328880000001	30	3.274338483810425
1716036482.1950848	1336	1781.3328880000001	30	3.213775396347046
1716036482.245637	1336	1781.3328880000001	30	3.1740658283233643
1716036482.2962487	1336	1781.3328880000001	30	3.1286470890045166
1716036482.34684	1336	1781.3328880000001	30	3.068600654602051
1716036482.3974206	1336	1781.3328880000001	30	3.0133581161499023
1716036482.4479566	1336	1781.3328880000001	30	2.968289613723755
1716036482.498684	1336	1781.3328880000001	30	2.9130876064300537
1716036482.549188	1336	1781.3328880000001	30	2.893268346786499
1716036482.59983	1336	1781.3328880000001	30	2.817257881164551
1716036482.6504385	1336	1781.3328880000001	30	2.7622287273406982
1716036482.7010016	1336	1781.3328880000001	30	2.716928482055664
1716036482.7515728	1336	1781.3328880000001	30	2.662074089050293
1716036482.8021345	1336	1781.3328880000001	30	2.6218507289886475
1716036482.8527567	1336	1781.3328880000001	30	2.576645612716675
1716036482.9033494	1336	1781.3328880000001	30	2.525104284286499
1716036482.9539104	1336	1781.3328880000001	30	2.4789211750030518
1716036483.0044546	1336	1781.3328880000001	30	2.410144567489624
1716036483.0550044	1336	1781.3328880000001	30	2.3548879623413086
1716036483.105597	1336	1781.3328880000001	30	2.3281917572021484
1716036483.156095	1336	1781.3328880000001	30	2.274165391921997
1716036483.2067454	1336	1781.3328880000001	30	2.219104290008545
1716036483.2574058	1336	1781.3328880000001	30	2.163038969039917
1716036483.3079982	1336	1781.3328880000001	30	2.127039909362793
1716036483.3585951	1336	1781.3328880000001	30	2.0810766220092773
1716036483.4091918	1336	1781.3328880000001	30	2.0123791694641113
1716036483.4597425	1336	1781.3328880000001	30	1.967055320739746
1716036483.5104244	1336	1781.3328880000001	30	1.9310486316680908
1716036483.561219	1336	1781.3328880000001	30	1.879338264465332
1716036483.6117532	1336	1781.3328880000001	30	1.810593605041504
1716036483.6623654	1336	1781.3328880000001	30	1.7753679752349854
1716036483.7357311	1336	1781.3328880000001	31	3.646336078643799
1716036483.7796757	1336	1781.3328880000001	31	3.6033804416656494
1716036483.8301895	1336	1781.3328880000001	31	3.557978630065918
1716036483.8806536	1336	1781.3328880000001	31	3.5105342864990234
1716036483.931128	1336	1781.3328880000001	31	3.4530537128448486
1716036483.9817226	1336	1781.3328880000001	31	3.40336275100708
1716036484.0322618	1336	1781.3328880000001	31	3.354107141494751
1716036484.0827641	1336	1781.3328880000001	31	3.3092639446258545
1716036484.133263	1336	1781.3328880000001	31	3.254041910171509
1716036484.1838465	1336	1781.3328880000001	31	3.214487075805664
1716036484.234379	1336	1781.3328880000001	31	3.1547203063964844
1716036484.2849813	1336	1781.3328880000001	31	3.1049492359161377
1716036484.3356318	1336	1781.3328880000001	31	3.070828676223755
1716036484.386208	1336	1781.3328880000001	31	3.015585422515869
1716036484.4366806	1336	1781.3328880000001	31	2.9706897735595703
1716036484.4871218	1336	1781.3328880000001	31	2.9238767623901367
1716036484.5377033	1336	1781.3328880000001	31	2.859683036804199
1716036484.588256	1336	1781.3328880000001	31	2.8143818378448486
1716036484.6388452	1336	1781.3328880000001	31	2.754101037979126
1716036484.689397	1336	1781.3328880000001	31	2.718662977218628
1716036484.7399259	1336	1781.3328880000001	31	2.663818597793579
1716036484.790513	1336	1781.3328880000001	31	2.603374719619751
1716036484.8410952	1336	1781.3328880000001	31	2.558039426803589
1716036484.8917162	1336	1781.3328880000001	31	2.5204672813415527
1716036484.9423258	1336	1781.3328880000001	31	2.4622926712036133
1716036484.9928944	1336	1781.3328880000001	31	2.4018054008483887
1716036485.0434377	1336	1781.3328880000001	31	2.3565919399261475
1716036485.0940206	1336	1781.3328880000001	31	2.3114733695983887
1716036485.1446598	1336	1781.3328880000001	31	2.250782012939453
1716036485.1952682	1336	1781.3328880000001	31	2.2056562900543213
1716036485.245915	1336	1781.3328880000001	31	2.163397789001465
1716036485.2965322	1336	1781.3328880000001	31	2.09981369972229
1716036485.3471642	1336	1781.3328880000001	31	2.0629477500915527
1716036485.3976994	1336	1781.3328880000001	32	3.8895585536956787
1716036485.4518867	1336	1781.3328880000001	32	3.836331367492676
1716036485.4992976	1336	1781.3328880000001	32	3.7897987365722656
1716036485.5497558	1336	1781.3328880000001	32	3.74143385887146
1716036485.6003435	1336	1781.3328880000001	32	3.6919658184051514
1716036485.6508892	1336	1781.3328880000001	32	3.6472628116607666
1716036485.7015257	1336	1781.3328880000001	32	3.5927040576934814
1716036485.7521145	1336	1781.3328880000001	32	3.5534250736236572
1716036485.8027472	1336	1781.3328880000001	32	3.4926631450653076
1716036485.8533404	1336	1781.3328880000001	32	3.4366252422332764
1716036485.9041789	1336	1781.3328880000001	32	3.4120631217956543
1716036485.9548275	1336	1781.3328880000001	32	3.34138560295105
1716036486.0054088	1336	1781.3328880000001	32	3.3011019229888916
1716036486.0559886	1336	1781.3328880000001	32	3.241070508956909
1716036486.1065645	1336	1781.3328880000001	32	3.2152297496795654
1716036486.157152	1336	1781.3328880000001	32	3.1555254459381104
1716036486.207718	1336	1781.3328880000001	32	3.0856857299804688
1716036486.2583356	1336	1781.3328880000001	32	3.0451340675354004
1716036486.3088443	1336	1781.3328880000001	32	2.9901750087738037
1716036486.359475	1336	1781.3328880000001	32	2.9448177814483643
1716036486.4100866	1336	1781.3328880000001	32	2.899319887161255
1716036486.4606905	1336	1781.3328880000001	32	2.8392276763916016
1716036486.5113566	1336	1781.3328880000001	32	2.803889513015747
1716036486.562008	1336	1781.3328880000001	32	2.7581374645233154
1716036486.6125734	1336	1781.3328880000001	32	2.688243865966797
1716036486.6631866	1336	1781.3328880000001	32	2.647697687149048
1716036486.7138014	1336	1781.3328880000001	32	2.607139825820923
1716036486.7644181	1336	1781.3328880000001	32	2.5372824668884277
1716036486.8149445	1336	1781.3328880000001	32	2.496790647506714
1716036486.8655648	1336	1781.3328880000001	32	2.4515652656555176
1716036486.916173	1336	1781.3328880000001	32	2.391265630722046
1716036486.9667554	1336	1781.3328880000001	32	2.3358542919158936
1716036487.0172644	1336	1781.3328880000001	32	2.300734758377075
1716036487.067785	1336	1781.3328880000001	32	2.254913330078125
1716036487.1183321	1336	1781.3328880000001	32	2.189939498901367
1716036487.168791	1336	1781.3328880000001	32	2.1547422409057617
1716036487.2192402	1336	1781.3328880000001	32	2.094237804412842
1716036487.2698495	1336	1781.3328880000001	32	2.049084186553955
1716036487.320578	1336	1781.3328880000001	32	1.993744134902954
1716036487.3712173	1336	1781.3328880000001	33	3.907172203063965
1716036487.4216602	1336	1781.3328880000001	33	3.8618907928466797
1716036487.4720767	1336	1781.3328880000001	33	3.807422399520874
1716036487.5229123	1336	1781.3328880000001	33	3.75762939453125
1716036487.5734203	1336	1781.3328880000001	33	3.7082929611206055
1716036487.623957	1336	1781.3328880000001	33	3.6586756706237793
1716036487.6745036	1336	1781.3328880000001	33	3.615074634552002
1716036487.725007	1336	1781.3328880000001	33	3.5697474479675293
1716036487.7755308	1336	1781.3328880000001	33	3.5326786041259766
1716036487.8260543	1336	1781.3328880000001	33	3.483869791030884
1716036487.8766596	1336	1781.3328880000001	33	3.413750648498535
1716036487.9272602	1336	1781.3328880000001	33	3.3583621978759766
1716036487.9778905	1336	1781.3328880000001	33	3.3133156299591064
1716036488.0284276	1336	1781.3328880000001	33	3.267190456390381
1716036488.0789983	1336	1781.3328880000001	33	3.2174320220947266
1716036488.1296206	1336	1781.3328880000001	33	3.1567633152008057
1716036488.1801975	1336	1781.3328880000001	33	3.120568037033081
1716036488.2308106	1336	1781.3328880000001	33	3.0612776279449463
1716036488.2814806	1336	1781.3328880000001	33	3.0056920051574707
1716036488.3320076	1336	1781.3328880000001	33	2.965394973754883
1716036488.382609	1336	1781.3328880000001	33	2.910332202911377
1716036488.4332337	1336	1781.3328880000001	33	2.8681840896606445
1716036488.4838057	1336	1781.3328880000001	33	2.818366527557373
1716036488.5344114	1336	1781.3328880000001	33	2.7535886764526367
1716036488.5850077	1336	1781.3328880000001	33	2.7131526470184326
1716036488.6356275	1336	1781.3328880000001	33	2.6532015800476074
1716036488.68625	1336	1781.3328880000001	33	2.6167924404144287
1716036488.7369032	1336	1781.3328880000001	33	2.556966781616211
1716036488.787475	1336	1781.3328880000001	33	2.5164577960968018
1716036488.8380144	1336	1781.3328880000001	33	2.460942506790161
1716036488.888616	1336	1781.3328880000001	33	2.4227895736694336
1716036488.9391308	1336	1781.3328880000001	33	2.3668134212493896
1716036488.9897337	1336	1781.3328880000001	33	2.316970109939575
1716036489.0403395	1336	1781.3328880000001	33	2.244354009628296
1716036489.0909443	1336	1781.3328880000001	33	2.2165520191192627
1716036489.1415477	1336	1781.3328880000001	33	2.1582696437835693
1716036489.1921678	1336	1781.3328880000001	33	2.1127283573150635
1716036489.2430506	1336	1781.3328880000001	33	2.066030979156494
1716036489.3294587	1336	1781.3328880000001	34	3.1094179153442383
1716036489.3750196	1336	1781.3328880000001	34	3.058030605316162
1716036489.425583	1336	1781.3328880000001	34	3.010035991668701
1716036489.476047	1336	1781.3328880000001	34	2.9587059020996094
1716036489.5266082	1336	1781.3328880000001	34	2.910590410232544
1716036489.577157	1336	1781.3328880000001	34	2.859273672103882
1716036489.627729	1336	1781.3328880000001	34	2.812793254852295
1716036489.6782432	1336	1781.3328880000001	34	2.75984787940979
1716036489.7287774	1336	1781.3328880000001	34	2.7125391960144043
1716036489.779336	1336	1781.3328880000001	34	2.6629912853240967
1716036489.829916	1336	1781.3328880000001	34	2.6132185459136963
1716036489.8805742	1336	1781.3328880000001	34	2.5633645057678223
1716036489.931162	1336	1781.3328880000001	34	2.5027310848236084
1716036489.9818006	1336	1781.3328880000001	34	2.457869529724121
1716036490.0324094	1336	1781.3328880000001	34	2.412325859069824
1716036490.0880356	1336	1781.3328880000001	34	2.358121156692505
