1.0
1.0
1.0
1.0
1.0
1.0
1.0
1.0
1.0807809829711914
1.4024808406829834
1.1671841144561768
1.2345459461212158
1.1480460166931152
1.0930140018463135
1.0
1.4235119819641113
1.16162109375
1.2036359310150146
1.140542984008789
1.8701879978179932
1.7331039905548096
2.53074312210083
2.050675868988037
2.1024551391601562
1.6267108917236328
1.8536419868469238
1.647510051727295
1.1640100479125977
1.0
2.383549928665161
2.3250679969787598
1.3366689682006836
1.6190741062164307
1.0
1.152782917022705
1.1084420680999756
1.0259270668029785
1.123938798904419
