1716107635.071792	13336	17781.328888	3	0.5906312465667725
1716107635.122601	13336	17781.328888	4	1.2521288394927979
1716107635.1734078	13336	17781.328888	4	1.199002742767334
1716107635.2241752	13336	17781.328888	4	1.1469120979309082
1716107635.2750487	13336	17781.328888	4	1.097686529159546
1716107635.3258824	13336	17781.328888	4	1.0411906242370605
1716107635.3766997	13336	17781.328888	4	0.9998073577880859
1716107635.4277282	13336	17781.328888	4	0.9484186172485352
1716107635.4786344	13336	17781.328888	4	0.8957502841949463
1716107635.5295339	13336	17781.328888	5	1.8926711082458496
1716107635.580466	13336	17781.328888	5	1.8665368556976318
1716107635.6314192	13336	17781.328888	5	1.8009376525878906
1716107635.6820867	13336	17781.328888	5	1.743699312210083
1716107635.7329366	13336	17781.328888	5	1.6935672760009766
1716107635.7837675	13336	17781.328888	5	1.6461799144744873
1716107635.834688	13336	17781.328888	5	1.5986578464508057
1716107635.8855476	13336	17781.328888	5	1.5383875370025635
1716107635.9364116	13336	17781.328888	5	1.5045676231384277
1716107635.987253	13336	17781.328888	5	1.443739414215088
1716107636.0381048	13336	17781.328888	5	1.3867449760437012
1716107636.0888898	13336	17781.328888	5	1.3448610305786133
1716107636.1397467	13336	17781.328888	5	1.3161430358886719
1716107636.1905575	13336	17781.328888	5	1.2385203838348389
1716107636.241456	13336	17781.328888	6	2.2365241050720215
1716107636.2923245	13336	17781.328888	6	2.2027149200439453
1716107636.3431432	13336	17781.328888	6	2.1462388038635254
1716107636.3938076	13336	17781.328888	6	2.0958633422851562
1716107636.444382	13336	17781.328888	6	2.051067590713501
1716107636.4950538	13336	17781.328888	6	1.991605520248413
1716107636.545742	13336	17781.328888	6	1.9423322677612305
1716107636.596593	13336	17781.328888	6	1.901674509048462
1716107636.647348	13336	17781.328888	6	1.8496155738830566
1716107636.6981668	13336	17781.328888	6	1.7828209400177002
1716107636.7489	13336	17781.328888	6	1.7424850463867188
1716107636.7998939	13336	17781.328888	6	1.687164306640625
1716107636.8508184	13336	17781.328888	6	1.6323766708374023
1716107636.9017231	13336	17781.328888	6	1.597860336303711
1716107636.9526277	13336	17781.328888	6	1.5364511013031006
1716107637.0034676	13336	17781.328888	6	1.4806044101715088
1716107637.0542407	13336	17781.328888	6	1.4393730163574219
1716107637.1051457	13336	17781.328888	6	1.3927338123321533
1716107637.1561093	13336	17781.328888	6	1.3288767337799072
1716107637.2070286	13336	17781.328888	6	1.2836110591888428
1716107637.2578433	13336	17781.328888	6	1.2368688583374023
1716107637.3087666	13336	17781.328888	6	1.1877923011779785
1716107637.3596094	13336	17781.328888	6	1.1414315700531006
1716107637.4104326	13336	17781.328888	7	2.0633890628814697
1716107637.4610536	13336	17781.328888	7	2.0384645462036133
1716107637.511783	13336	17781.328888	7	1.970912218093872
1716107637.562516	13336	17781.328888	7	1.9154462814331055
1716107637.6132019	13336	17781.328888	7	1.8703970909118652
1716107637.663915	13336	17781.328888	7	1.8148486614227295
1716107637.7146938	13336	17781.328888	7	1.7732429504394531
1716107637.765439	13336	17781.328888	7	1.7143020629882812
1716107637.8161557	13336	17781.328888	7	1.6586365699768066
1716107637.8724368	13336	17781.328888	7	1.614759922027588
1716107637.923079	13336	17781.328888	7	1.5532159805297852
1716107637.9737785	13336	17781.328888	7	1.5100855827331543
1716107638.0245569	13336	17781.328888	7	1.4597134590148926
1716107638.0753803	13336	17781.328888	7	1.4121663570404053
1716107638.1262043	13336	17781.328888	7	1.358370065689087
1716107638.1770263	13336	17781.328888	7	1.3085274696350098
1716107638.2279732	13336	17781.328888	7	1.2490806579589844
1716107638.2789357	13336	17781.328888	8	2.0899293422698975
1716107638.329739	13336	17781.328888	8	2.045794725418091
1716107638.3806424	13336	17781.328888	8	1.9952127933502197
1716107638.4314525	13336	17781.328888	8	1.9523115158081055
1716107638.5027575	13336	17781.328888	8	1.8649098873138428
1716107638.5520992	13336	17781.328888	8	1.8196513652801514
1716107638.6028488	13336	17781.328888	8	1.775008201599121
1716107638.653597	13336	17781.328888	8	1.723273515701294
1716107638.7043872	13336	17781.328888	8	1.6653728485107422
1716107638.755064	13336	17781.328888	8	1.6152751445770264
1716107638.8058817	13336	17781.328888	8	1.5735671520233154
1716107638.8566349	13336	17781.328888	8	1.523963451385498
1716107638.9074707	13336	17781.328888	8	1.4751439094543457
1716107638.9582345	13336	17781.328888	8	1.4238052368164062
1716107639.0090022	13336	17781.328888	8	1.371178388595581
1716107639.05971	13336	17781.328888	8	1.3132038116455078
1716107639.110447	13336	17781.328888	8	1.2677805423736572
1716107639.1611557	13336	17781.328888	8	1.2174391746520996
1716107639.2119563	13336	17781.328888	8	1.1619246006011963
1716107639.2627363	13336	17781.328888	9	2.0696237087249756
1716107639.3134794	13336	17781.328888	9	2.0349318981170654
1716107639.364243	13336	17781.328888	9	1.984598159790039
1716107639.414985	13336	17781.328888	9	1.9299061298370361
1716107639.4657426	13336	17781.328888	9	1.8788657188415527
1716107639.5164423	13336	17781.328888	9	1.832826852798462
1716107639.5671277	13336	17781.328888	9	1.7786986827850342
1716107639.6176848	13336	17781.328888	9	1.7320060729980469
1716107639.6684296	13336	17781.328888	9	1.670313835144043
1716107639.7191257	13336	17781.328888	9	1.6250357627868652
1716107639.7699726	13336	17781.328888	9	1.5656611919403076
1716107639.8206472	13336	17781.328888	9	1.5140297412872314
1716107639.8713746	13336	17781.328888	9	1.4652149677276611
1716107639.9273863	13336	17781.328888	9	1.4146440029144287
1716107639.9779732	13336	17781.328888	9	1.3629000186920166
1716107640.0285878	13336	17781.328888	9	1.3188056945800781
1716107640.0792074	13336	17781.328888	9	1.2640340328216553
1716107640.1299596	13336	17781.328888	9	1.2124834060668945
1716107640.180663	13336	17781.328888	10	2.2386674880981445
1716107640.231385	13336	17781.328888	10	2.1684324741363525
1716107640.2821019	13336	17781.328888	10	2.132439374923706
1716107640.3328156	13336	17781.328888	10	2.0982236862182617
1716107640.3863523	13336	17781.328888	10	2.0419187545776367
1716107640.4355462	13336	17781.328888	10	1.979891061782837
1716107640.4862552	13336	17781.328888	10	1.9040918350219727
1716107640.5369852	13336	17781.328888	10	1.8828678131103516
1716107640.5877335	13336	17781.328888	10	1.8187355995178223
1716107640.63849	13336	17781.328888	10	1.7773456573486328
1716107640.689162	13336	17781.328888	10	1.7396190166473389
1716107640.7399504	13336	17781.328888	10	1.666205644607544
1716107640.7966921	13336	17781.328888	10	1.5949921607971191
1716107640.8474865	13336	17781.328888	10	1.559877634048462
1716107640.8982046	13336	17781.328888	10	1.5220415592193604
1716107640.9490175	13336	17781.328888	10	1.4808003902435303
1716107640.999758	13336	17781.328888	10	1.4175031185150146
1716107641.0505254	13336	17781.328888	10	1.3426110744476318
1716107641.101245	13336	17781.328888	10	1.3065226078033447
1716107641.1519845	13336	17781.328888	10	1.277423620223999
1716107641.2027855	13336	17781.328888	10	1.2006762027740479
1716107641.2536275	13336	17781.328888	10	1.1653573513031006
1716107641.30445	13336	17781.328888	11	2.4322023391723633
1716107641.3549984	13336	17781.328888	11	2.378115177154541
1716107641.405736	13336	17781.328888	11	2.341005802154541
1716107641.4564464	13336	17781.328888	11	2.2841238975524902
1716107641.5071125	13336	17781.328888	11	2.234248399734497
1716107641.5579095	13336	17781.328888	11	2.184056520462036
1716107641.6087146	13336	17781.328888	11	2.1148319244384766
1716107641.6592698	13336	17781.328888	11	2.0785090923309326
1716107641.7101336	13336	17781.328888	11	2.0371999740600586
1716107641.760895	13336	17781.328888	11	1.9807209968566895
1716107641.8116908	13336	17781.328888	11	1.9129016399383545
1716107641.8624804	13336	17781.328888	11	1.8823096752166748
1716107641.913341	13336	17781.328888	11	1.8221461772918701
1716107641.964158	13336	17781.328888	11	1.7757887840270996
1716107642.0148957	13336	17781.328888	11	1.7275264263153076
1716107642.065812	13336	17781.328888	11	1.677607774734497
1716107642.1220634	13336	17781.328888	12	2.974369525909424
1716107642.172833	13336	17781.328888	12	2.950157403945923
1716107642.223586	13336	17781.328888	12	2.8776333332061768
1716107642.274434	13336	17781.328888	12	2.842726945877075
1716107642.325172	13336	17781.328888	12	2.7924106121063232
1716107642.3759444	13336	17781.328888	12	2.7347874641418457
1716107642.4361312	13336	17781.328888	12	2.6763010025024414
1716107642.4823515	13336	17781.328888	12	2.620528221130371
1716107642.5329301	13336	17781.328888	12	2.587444305419922
1716107642.5835772	13336	17781.328888	12	2.52435302734375
1716107642.6343343	13336	17781.328888	12	2.4693644046783447
1716107642.6850393	13336	17781.328888	12	2.413667678833008
1716107642.7359202	13336	17781.328888	12	2.364239454269409
1716107642.786773	13336	17781.328888	12	2.3172237873077393
1716107642.8376234	13336	17781.328888	12	2.280627965927124
1716107642.8884618	13336	17781.328888	12	2.2301299571990967
1716107642.9392242	13336	17781.328888	12	2.182154417037964
1716107642.9900079	13336	17781.328888	12	2.1149096488952637
1716107643.0408063	13336	17781.328888	12	2.0685882568359375
1716107643.0916348	13336	17781.328888	12	2.014113426208496
1716107643.1424868	13336	17781.328888	12	1.9795241355895996
1716107643.1932144	13336	17781.328888	12	1.919546127319336
1716107643.243987	13336	17781.328888	12	1.8739032745361328
1716107643.2947261	13336	17781.328888	12	1.826279878616333
1716107643.3455253	13336	17781.328888	13	2.9940531253814697
1716107643.3962533	13336	17781.328888	13	2.9429469108581543
1716107643.4470034	13336	17781.328888	13	2.884143352508545
1716107643.4977894	13336	17781.328888	13	2.837001085281372
1716107643.5487022	13336	17781.328888	13	2.7869603633880615
1716107643.5995765	13336	17781.328888	13	2.736471652984619
1716107643.6504755	13336	17781.328888	13	2.697378396987915
1716107643.7013338	13336	17781.328888	13	2.6322197914123535
1716107643.7518675	13336	17781.328888	13	2.585932493209839
1716107643.8026137	13336	17781.328888	13	2.525763750076294
1716107643.8534	13336	17781.328888	13	2.4595298767089844
1716107643.9041016	13336	17781.328888	13	2.414293050765991
1716107643.954915	13336	17781.328888	13	2.355881929397583
1716107644.005752	13336	17781.328888	13	2.308244228363037
1716107644.0565565	13336	17781.328888	13	2.2722270488739014
1716107644.1073709	13336	17781.328888	13	2.221776008605957
1716107644.1581197	13336	17781.328888	13	2.156951904296875
1716107644.2089503	13336	17781.328888	13	2.110562562942505
1716107644.2597156	13336	17781.328888	13	2.0562846660614014
1716107644.310557	13336	17781.328888	13	2.019534111022949
1716107644.3614523	13336	17781.328888	13	1.9456651210784912
1716107644.4122536	13336	17781.328888	13	1.9199399948120117
1716107644.463001	13336	17781.328888	13	1.8757572174072266
1716107644.5138001	13336	17781.328888	13	1.8213698863983154
1716107644.5647075	13336	17781.328888	13	1.7678461074829102
1716107644.6156595	13336	17781.328888	13	1.7249200344085693
1716107644.6665583	13336	17781.328888	13	1.6708533763885498
1716107644.7175424	13336	17781.328888	13	1.6307904720306396
1716107644.7684798	13336	17781.328888	14	2.80936336517334
1716107644.819394	13336	17781.328888	14	2.781606674194336
1716107644.8703892	13336	17781.328888	14	2.7047770023345947
1716107644.9213035	13336	17781.328888	14	2.6561949253082275
1716107644.9721918	13336	17781.328888	14	2.62656831741333
1716107645.023211	13336	17781.328888	14	2.5556106567382812
1716107645.0741017	13336	17781.328888	14	2.522979259490967
1716107645.1273687	13336	17781.328888	14	2.4573652744293213
1716107645.1759808	13336	17781.328888	14	2.412595510482788
1716107645.226525	13336	17781.328888	14	2.3545784950256348
1716107645.277194	13336	17781.328888	14	2.299870729446411
1716107645.3278108	13336	17781.328888	14	2.272486686706543
1716107645.3785462	13336	17781.328888	14	2.2214627265930176
1716107645.4293485	13336	17781.328888	14	2.163515329360962
1716107645.4801261	13336	17781.328888	14	2.1080880165100098
1716107645.530814	13336	17781.328888	14	2.0667097568511963
1716107645.5815303	13336	17781.328888	14	2.0123136043548584
1716107645.6321878	13336	17781.328888	14	1.9475936889648438
1716107645.6829095	13336	17781.328888	14	1.9065310955047607
1716107645.7336621	13336	17781.328888	14	1.851978063583374
1716107645.7843797	13336	17781.328888	14	1.8135032653808594
1716107645.835028	13336	17781.328888	14	1.7553138732910156
1716107645.8857477	13336	17781.328888	14	1.709197759628296
1716107645.9364984	13336	17781.328888	14	1.664031982421875
1716107645.9872663	13336	17781.328888	14	1.599280834197998
1716107646.0381198	13336	17781.328888	14	1.5585415363311768
1716107646.0889118	13336	17781.328888	14	1.5028448104858398
1716107646.1397276	13336	17781.328888	14	1.455991506576538
1716107646.1905463	13336	17781.328888	14	1.3914103507995605
1716107646.241331	13336	17781.328888	14	1.3415007591247559
1716107646.2921274	13336	17781.328888	15	2.4139020442962646
1716107646.3576453	13336	17781.328888	15	2.3691465854644775
1716107646.4051702	13336	17781.328888	15	2.311685562133789
1716107646.4557853	13336	17781.328888	15	2.270674705505371
1716107646.5065153	13336	17781.328888	15	2.203829288482666
1716107646.5572472	13336	17781.328888	15	2.1638150215148926
1716107646.6079788	13336	17781.328888	15	2.1118600368499756
1716107646.658732	13336	17781.328888	15	2.0692968368530273
1716107646.7094753	13336	17781.328888	15	1.9984235763549805
1716107646.760212	13336	17781.328888	15	1.9552085399627686
1716107646.810949	13336	17781.328888	15	1.9120018482208252
1716107646.861765	13336	17781.328888	15	1.8495874404907227
1716107646.9125333	13336	17781.328888	15	1.8081464767456055
1716107646.9632597	13336	17781.328888	15	1.7492384910583496
1716107647.013965	13336	17781.328888	15	1.7044005393981934
1716107647.0647511	13336	17781.328888	15	1.659973382949829
1716107647.1155295	13336	17781.328888	15	1.602341651916504
1716107647.1663258	13336	17781.328888	15	1.555178165435791
1716107647.2169812	13336	17781.328888	15	1.4974365234375
1716107647.2677422	13336	17781.328888	15	1.4582195281982422
1716107647.3185372	13336	17781.328888	16	2.6619811058044434
1716107647.3692513	13336	17781.328888	16	2.6146295070648193
1716107647.4200108	13336	17781.328888	16	2.5404212474823
1716107647.4707494	13336	17781.328888	16	2.526766061782837
1716107647.5215106	13336	17781.328888	16	2.4672653675079346
1716107647.6014671	13336	17781.328888	16	2.3955514430999756
1716107647.6402385	13336	17781.328888	16	2.3454456329345703
1716107647.6910722	13336	17781.328888	16	2.2903637886047363
1716107647.7417936	13336	17781.328888	16	2.2479240894317627
1716107647.7925346	13336	17781.328888	16	2.198009490966797
1716107647.8433573	13336	17781.328888	16	2.146775722503662
1716107647.894135	13336	17781.328888	16	2.073082447052002
1716107647.9449239	13336	17781.328888	16	2.0369715690612793
1716107647.9957073	13336	17781.328888	16	1.9909923076629639
1716107648.0464714	13336	17781.328888	16	1.9216268062591553
1716107648.0973637	13336	17781.328888	16	1.8660082817077637
1716107648.1481671	13336	17781.328888	16	1.8341796398162842
1716107648.2042172	13336	17781.328888	16	1.7694101333618164
1716107648.2550142	13336	17781.328888	16	1.7093803882598877
1716107648.3057168	13336	17781.328888	16	1.6770238876342773
1716107648.3564804	13336	17781.328888	16	1.613349437713623
1716107648.4072578	13336	17781.328888	16	1.584130048751831
1716107648.4579651	13336	17781.328888	16	1.5297365188598633
1716107648.5087798	13336	17781.328888	16	1.4613926410675049
1716107648.5594995	13336	17781.328888	16	1.4021086692810059
1716107648.610232	13336	17781.328888	16	1.3790104389190674
1716107648.661023	13336	17781.328888	17	2.278945207595825
1716107648.7300122	13336	17781.328888	17	2.2153422832489014
1716107648.7779703	13336	17781.328888	17	2.1762752532958984
1716107648.8287184	13336	17781.328888	17	2.1108787059783936
1716107648.8793695	13336	17781.328888	17	2.083829164505005
1716107648.9301474	13336	17781.328888	17	2.0372447967529297
1716107648.9808877	13336	17781.328888	17	1.9860832691192627
1716107649.0315304	13336	17781.328888	17	1.9335017204284668
1716107649.0823145	13336	17781.328888	17	1.8649024963378906
1716107649.1330476	13336	17781.328888	17	1.7993996143341064
1716107649.1837738	13336	17781.328888	17	1.778355360031128
1716107649.2345998	13336	17781.328888	17	1.7087204456329346
1716107649.2853076	13336	17781.328888	17	1.680711030960083
1716107649.3415363	13336	17781.328888	17	1.6361310482025146
1716107649.392342	13336	17781.328888	17	1.5518739223480225
1716107649.4430897	13336	17781.328888	17	1.5122394561767578
1716107649.4938495	13336	17781.328888	17	1.4375340938568115
1716107649.5445428	13336	17781.328888	17	1.4030606746673584
1716107649.5952084	13336	17781.328888	17	1.3511078357696533
1716107649.6460538	13336	17781.328888	17	1.2948822975158691
1716107649.6967313	13336	17781.328888	17	1.2678725719451904
1716107649.747599	13336	17781.328888	18	2.2851972579956055
1716107649.7982163	13336	17781.328888	18	2.2457468509674072
1716107649.84905	13336	17781.328888	18	2.189676284790039
1716107649.8999445	13336	17781.328888	18	2.149066925048828
1716107649.9507434	13336	17781.328888	18	2.090395927429199
1716107650.0141225	13336	17781.328888	18	2.019779682159424
1716107650.061527	13336	17781.328888	18	1.9708495140075684
1716107650.112183	13336	17781.328888	18	1.9372551441192627
1716107650.1629274	13336	17781.328888	18	1.878631830215454
1716107650.2136753	13336	17781.328888	18	1.8334143161773682
1716107650.2644138	13336	17781.328888	18	1.7729392051696777
1716107650.3151484	13336	17781.328888	18	1.7351958751678467
1716107650.3659	13336	17781.328888	18	1.6848890781402588
1716107650.416703	13336	17781.328888	18	1.618250846862793
1716107650.4674706	13336	17781.328888	18	1.5754282474517822
1716107650.5182028	13336	17781.328888	18	1.525477409362793
1716107650.5689812	13336	17781.328888	18	1.479248285293579
1716107650.6196642	13336	17781.328888	18	1.4200077056884766
1716107650.6704707	13336	17781.328888	18	1.378126621246338
1716107650.7212443	13336	17781.328888	18	1.3252918720245361
1716107650.7719793	13336	17781.328888	18	1.2636501789093018
1716107650.8227267	13336	17781.328888	18	1.222074270248413
1716107650.8736725	13336	17781.328888	18	1.162722110748291
1716107650.924437	13336	17781.328888	19	2.5965569019317627
1716107650.981163	13336	17781.328888	19	2.5462703704833984
1716107651.0300848	13336	17781.328888	19	2.504244089126587
1716107651.0807586	13336	17781.328888	19	2.4488933086395264
1716107651.1314194	13336	17781.328888	19	2.390990972518921
1716107651.1820977	13336	17781.328888	19	2.341545820236206
1716107651.2327392	13336	17781.328888	19	2.2963411808013916
1716107651.2834334	13336	17781.328888	19	2.251671075820923
1716107651.3341217	13336	17781.328888	19	2.198758602142334
1716107651.3848934	13336	17781.328888	19	2.145571708679199
1716107651.4355738	13336	17781.328888	19	2.0984091758728027
1716107651.4863389	13336	17781.328888	19	2.04023814201355
1716107651.5367954	13336	17781.328888	19	2.0003254413604736
1716107651.5927618	13336	17781.328888	19	1.9467840194702148
1716107651.643172	13336	17781.328888	19	1.8891830444335938
1716107651.6992695	13336	17781.328888	19	1.8323051929473877
1716107651.7500315	13336	17781.328888	19	1.7779691219329834
1716107651.8007765	13336	17781.328888	19	1.727973461151123
1716107651.8514848	13336	17781.328888	19	1.6865365505218506
1716107651.90216	13336	17781.328888	19	1.6344573497772217
1716107651.952994	13336	17781.328888	20	2.7972447872161865
1716107652.0037477	13336	17781.328888	20	2.746128559112549
1716107652.0568564	13336	17781.328888	20	2.691871404647827
1716107652.1057749	13336	17781.328888	20	2.6167569160461426
1716107652.1566143	13336	17781.328888	20	2.607208013534546
1716107652.207334	13336	17781.328888	20	2.5335638523101807
1716107652.2581174	13336	17781.328888	20	2.497509002685547
1716107652.308966	13336	17781.328888	20	2.4431936740875244
1716107652.3600776	13336	17781.328888	20	2.3948237895965576
1716107652.4113371	13336	17781.328888	20	2.3438756465911865
1716107652.4620876	13336	17781.328888	20	2.280860662460327
1716107652.5128336	13336	17781.328888	20	2.210890531539917
1716107652.5635552	13336	17781.328888	20	2.1933226585388184
1716107652.6197193	13336	17781.328888	20	2.1135387420654297
1716107652.6705163	13336	17781.328888	20	2.0939688682556152
1716107652.7213466	13336	17781.328888	20	2.0125811100006104
1716107652.7721558	13336	17781.328888	20	1.9820950031280518
1716107652.8229034	13336	17781.328888	20	1.9019067287445068
1716107652.873714	13336	17781.328888	20	1.8796072006225586
1716107652.9244914	13336	17781.328888	20	1.8052456378936768
1716107652.9752274	13336	17781.328888	20	1.7765111923217773
1716107653.0260417	13336	17781.328888	20	1.7246692180633545
1716107653.0768187	13336	17781.328888	20	1.6497602462768555
1716107653.12762	13336	17781.328888	20	1.6038265228271484
1716107653.1784322	13336	17781.328888	21	2.6093757152557373
1716107653.2292285	13336	17781.328888	21	2.557255268096924
1716107653.2799904	13336	17781.328888	21	2.501055955886841
1716107653.3307652	13336	17781.328888	21	2.452455759048462
1716107653.3815897	13336	17781.328888	21	2.390241861343384
1716107653.4324114	13336	17781.328888	21	2.341531276702881
1716107653.4832373	13336	17781.328888	21	2.313535690307617
1716107653.54214	13336	17781.328888	21	2.2330141067504883
1716107653.5905814	13336	17781.328888	21	2.1954727172851562
1716107653.641303	13336	17781.328888	21	2.1538121700286865
1716107653.6920738	13336	17781.328888	21	2.108675479888916
1716107653.7428393	13336	17781.328888	21	2.0534775257110596
1716107653.7936451	13336	17781.328888	21	1.9837055206298828
1716107653.8444047	13336	17781.328888	21	1.9556877613067627
1716107653.8951793	13336	17781.328888	21	1.8839728832244873
1716107653.9457223	13336	17781.328888	21	1.8417205810546875
1716107653.9964995	13336	17781.328888	21	1.78568434715271
1716107654.0471516	13336	17781.328888	21	1.7426142692565918
1716107654.0980158	13336	17781.328888	21	1.690826177597046
1716107654.1487286	13336	17781.328888	21	1.6362245082855225
1716107654.199534	13336	17781.328888	21	1.5978236198425293
1716107654.2502263	13336	17781.328888	21	1.5491995811462402
1716107654.3010108	13336	17781.328888	21	1.4966943264007568
1716107654.3517015	13336	17781.328888	21	1.4438519477844238
1716107654.402424	13336	17781.328888	21	1.3962535858154297
1716107654.4531276	13336	17781.328888	22	2.304997444152832
1716107654.5038972	13336	17781.328888	22	2.259225606918335
1716107654.5546775	13336	17781.328888	22	2.2095417976379395
1716107654.605509	13336	17781.328888	22	2.185276985168457
1716107654.6562333	13336	17781.328888	22	2.1169774532318115
1716107654.7069523	13336	17781.328888	22	2.0881223678588867
1716107654.769806	13336	17781.328888	22	2.036098003387451
1716107654.8181107	13336	17781.328888	22	1.986469030380249
1716107654.8687978	13336	17781.328888	22	1.9454028606414795
1716107654.9194577	13336	17781.328888	22	1.8940010070800781
1716107654.9701145	13336	17781.328888	22	1.8142478466033936
1716107655.0208535	13336	17781.328888	22	1.7921907901763916
1716107655.0716414	13336	17781.328888	22	1.703321933746338
1716107655.1223998	13336	17781.328888	22	1.681769847869873
1716107655.1731658	13336	17781.328888	22	1.597456932067871
1716107655.223854	13336	17781.328888	22	1.5574471950531006
1716107655.2745893	13336	17781.328888	22	1.5271320343017578
1716107655.3252704	13336	17781.328888	22	1.4802751541137695
1716107655.3758633	13336	17781.328888	22	1.4058775901794434
1716107655.4264271	13336	17781.328888	22	1.375732660293579
1716107655.4771585	13336	17781.328888	22	1.3060307502746582
1716107655.5279033	13336	17781.328888	22	1.2650506496429443
1716107655.578623	13336	17781.328888	22	1.2245166301727295
1716107655.6294036	13336	17781.328888	22	1.1533868312835693
1716107655.6801217	13336	17781.328888	22	1.1137232780456543
1716107655.7309372	13336	17781.328888	22	1.075551986694336
1716107655.8039978	13336	17781.328888	23	3.0720348358154297
1716107655.847326	13336	17781.328888	23	3.036525249481201
1716107655.8979633	13336	17781.328888	23	2.9905097484588623
1716107655.9486647	13336	17781.328888	23	2.93658447265625
1716107655.999449	13336	17781.328888	23	2.8853135108947754
1716107656.050249	13336	17781.328888	23	2.8492321968078613
1716107656.100953	13336	17781.328888	23	2.776212215423584
1716107656.151735	13336	17781.328888	23	2.730760097503662
1716107656.202511	13336	17781.328888	23	2.713230609893799
1716107656.2532477	13336	17781.328888	23	2.6366870403289795
1716107656.3040755	13336	17781.328888	23	2.5831356048583984
1716107656.3548937	13336	17781.328888	23	2.5605270862579346
1716107656.4057024	13336	17781.328888	23	2.472519636154175
1716107656.4564774	13336	17781.328888	23	2.433915138244629
1716107656.5071893	13336	17781.328888	23	2.372713327407837
1716107656.5579245	13336	17781.328888	23	2.3254833221435547
1716107656.6086736	13336	17781.328888	23	2.280844211578369
1716107656.6594777	13336	17781.328888	24	4.224198818206787
1716107656.7102308	13336	17781.328888	24	4.156216382980347
1716107656.76578	13336	17781.328888	24	4.113961219787598
1716107656.8311024	13336	17781.328888	24	4.035663604736328
1716107656.8815837	13336	17781.328888	24	3.9899184703826904
1716107656.937616	13336	17781.328888	24	3.9350974559783936
1716107656.98841	13336	17781.328888	24	3.85370135307312
1716107657.038952	13336	17781.328888	24	3.8455169200897217
1716107657.0896711	13336	17781.328888	24	3.758513927459717
1716107657.1403577	13336	17781.328888	24	3.7131800651550293
1716107657.1909816	13336	17781.328888	24	3.6530652046203613
1716107657.2417166	13336	17781.328888	24	3.6416256427764893
1716107657.292524	13336	17781.328888	24	3.5672121047973633
1716107657.3431914	13336	17781.328888	24	3.5028817653656006
1716107657.3938215	13336	17781.328888	24	3.4533166885375977
1716107657.4443436	13336	17781.328888	24	3.433744192123413
1716107657.4950795	13336	17781.328888	24	3.3621726036071777
1716107657.5458598	13336	17781.328888	24	3.327253818511963
1716107657.5965633	13336	17781.328888	24	3.2675085067749023
1716107657.6473415	13336	17781.328888	24	3.2406249046325684
1716107657.6980484	13336	17781.328888	24	3.187300443649292
1716107657.7487452	13336	17781.328888	24	3.1305930614471436
1716107657.7995372	13336	17781.328888	24	3.0751492977142334
1716107657.8502576	13336	17781.328888	24	2.999955654144287
1716107657.901039	13336	17781.328888	24	2.979020595550537
1716107657.9517834	13336	17781.328888	24	2.923577070236206
1716107658.002534	13336	17781.328888	24	2.8633933067321777
1716107658.0532484	13336	17781.328888	24	2.8052656650543213
1716107658.1039693	13336	17781.328888	24	2.7818899154663086
1716107658.1549308	13336	17781.328888	24	2.7299625873565674
1716107658.2056966	13336	17781.328888	24	2.671384334564209
1716107658.2564764	13336	17781.328888	24	2.6297214031219482
1716107658.3072271	13336	17781.328888	24	2.5739188194274902
1716107658.3580205	13336	17781.328888	24	2.5203945636749268
1716107658.4088326	13336	17781.328888	24	2.473381280899048
1716107658.4596622	13336	17781.328888	24	2.4275176525115967
1716107658.510482	13336	17781.328888	24	2.3686203956604004
1716107658.5612488	13336	17781.328888	24	2.313815116882324
1716107658.6119506	13336	17781.328888	24	2.2422494888305664
1716107658.662661	13336	17781.328888	25	4.490286350250244
1716107658.7134917	13336	17781.328888	25	4.474414110183716
1716107658.7643058	13336	17781.328888	25	4.439134836196899
1716107658.815198	13336	17781.328888	25	4.3737633228302
1716107658.8660624	13336	17781.328888	25	4.313134670257568
1716107658.9200642	13336	17781.328888	25	4.23909068107605
1716107658.9679825	13336	17781.328888	25	4.201314449310303
1716107659.0186667	13336	17781.328888	25	4.168945789337158
1716107659.074755	13336	17781.328888	25	4.127224683761597
1716107659.1255608	13336	17781.328888	25	4.075624465942383
1716107659.1762507	13336	17781.328888	25	4.007962465286255
1716107659.2269864	13336	17781.328888	25	3.9580600261688232
1716107659.2777119	13336	17781.328888	25	3.9217071533203125
1716107659.3284857	13336	17781.328888	25	3.8660876750946045
1716107659.3792198	13336	17781.328888	25	3.8014540672302246
1716107659.4354448	13336	17781.328888	25	3.759767770767212
1716107659.486232	13336	17781.328888	25	3.699772357940674
1716107659.5370185	13336	17781.328888	25	3.649341344833374
1716107659.5877306	13336	17781.328888	25	3.584014415740967
1716107659.6384597	13336	17781.328888	25	3.5437726974487305
1716107659.6892176	13336	17781.328888	25	3.4890120029449463
1716107659.7400422	13336	17781.328888	25	3.4602155685424805
1716107659.7909517	13336	17781.328888	25	3.40735125541687
1716107659.8417828	13336	17781.328888	25	3.3569889068603516
1716107659.8925993	13336	17781.328888	25	3.3003673553466797
1716107659.943407	13336	17781.328888	25	3.2557334899902344
1716107659.9942527	13336	17781.328888	25	3.208355665206909
1716107660.0451076	13336	17781.328888	25	3.135035753250122
1716107660.0960143	13336	17781.328888	25	3.0689942836761475
1716107660.1469858	13336	17781.328888	25	3.047869920730591
1716107660.1979563	13336	17781.328888	25	2.9824836254119873
1716107660.2488432	13336	17781.328888	25	2.917086362838745
1716107660.2996182	13336	17781.328888	25	2.9001917839050293
1716107660.3504624	13336	17781.328888	25	2.8110902309417725
1716107660.4013233	13336	17781.328888	25	2.7949490547180176
1716107660.452214	13336	17781.328888	25	2.744436025619507
1716107660.5031064	13336	17781.328888	25	2.6939573287963867
1716107660.553934	13336	17781.328888	25	2.6333868503570557
1716107660.6048787	13336	17781.328888	25	2.5885202884674072
1716107660.6558146	13336	17781.328888	25	2.522099494934082
1716107660.7066483	13336	17781.328888	25	2.4956443309783936
1716107660.762865	13336	17781.328888	25	2.438627004623413
1716107660.8138645	13336	17781.328888	26	4.768153667449951
1716107660.8893225	13336	17781.328888	26	4.686700820922852
1716107660.9365146	13336	17781.328888	26	4.678234100341797
1716107660.9872131	13336	17781.328888	26	4.589868545532227
1716107661.0379517	13336	17781.328888	26	4.5737903118133545
1716107661.0886905	13336	17781.328888	26	4.492967367172241
1716107661.1395106	13336	17781.328888	26	4.461871862411499
1716107661.1903443	13336	17781.328888	26	4.408014297485352
1716107661.2410562	13336	17781.328888	26	4.347208499908447
1716107661.2917676	13336	17781.328888	26	4.3127524852752686
1716107661.3425431	13336	17781.328888	26	4.265604019165039
1716107661.393315	13336	17781.328888	26	4.189117431640625
1716107661.443936	13336	17781.328888	26	4.139494180679321
1716107661.4947448	13336	17781.328888	26	4.118689060211182
1716107661.5454535	13336	17781.328888	26	4.048857927322388
1716107661.5961983	13336	17781.328888	26	3.988880157470703
1716107661.646946	13336	17781.328888	26	3.966261386871338
1716107661.6978145	13336	17781.328888	26	3.9159321784973145
1716107661.7485707	13336	17781.328888	26	3.8534834384918213
1716107661.7993097	13336	17781.328888	26	3.807328701019287
1716107661.8499994	13336	17781.328888	26	3.7614166736602783
1716107661.9007294	13336	17781.328888	26	3.7028653621673584
1716107661.9515374	13336	17781.328888	26	3.6577115058898926
1716107662.002246	13336	17781.328888	26	3.6033999919891357
1716107662.05297	13336	17781.328888	26	3.5362744331359863
1716107662.1036925	13336	17781.328888	26	3.50895094871521
1716107662.1544607	13336	17781.328888	26	3.435678482055664
1716107662.2051692	13336	17781.328888	26	3.4051308631896973
1716107662.2559278	13336	17781.328888	26	3.3619089126586914
1716107662.3065877	13336	17781.328888	26	3.299445867538452
1716107662.357392	13336	17781.328888	26	3.24302339553833
1716107662.4081535	13336	17781.328888	26	3.1982104778289795
1716107662.4589057	13336	17781.328888	26	3.1599507331848145
1716107662.5096624	13336	17781.328888	26	3.082263469696045
1716107662.5603774	13336	17781.328888	26	3.0369455814361572
1716107662.6111758	13336	17781.328888	26	2.9815633296966553
1716107662.6620286	13336	17781.328888	26	2.9490644931793213
1716107662.7127347	13336	17781.328888	26	2.8860340118408203
1716107662.763462	13336	17781.328888	26	2.857250452041626
1716107662.8141053	13336	17781.328888	26	2.8023087978363037
1716107662.8649316	13336	17781.328888	26	2.7456552982330322
1716107662.915732	13336	17781.328888	26	2.696401357650757
1716107662.9665651	13336	17781.328888	26	2.6508848667144775
1716107663.0170543	13336	17781.328888	26	2.5783021450042725
1716107663.0731018	13336	17781.328888	26	2.5483927726745605
1716107663.1238196	13336	17781.328888	27	4.159126043319702
1716107663.20924	13336	17781.328888	27	4.07009220123291
1716107663.24422	13336	17781.328888	27	4.041702032089233
1716107663.2948918	13336	17781.328888	27	3.9856066703796387
1716107663.3455887	13336	17781.328888	27	3.961149215698242
1716107663.3963966	13336	17781.328888	27	3.8861470222473145
1716107663.447149	13336	17781.328888	27	3.840803861618042
1716107663.4979768	13336	17781.328888	27	3.8069071769714355
1716107663.5487614	13336	17781.328888	27	3.768216371536255
1716107663.599465	13336	17781.328888	27	3.6997604370117188
1716107663.6501997	13336	17781.328888	27	3.6351349353790283
1716107663.7009711	13336	17781.328888	27	3.595118522644043
1716107663.7518175	13336	17781.328888	27	3.5687601566314697
1716107663.8024402	13336	17781.328888	27	3.5084946155548096
1716107663.8531635	13336	17781.328888	27	3.467834711074829
1716107663.903911	13336	17781.328888	27	3.414775848388672
1716107663.9547062	13336	17781.328888	27	3.3342394828796387
1716107664.0109286	13336	17781.328888	27	3.2783710956573486
1716107664.0616593	13336	17781.328888	27	3.2579588890075684
1716107664.1123595	13336	17781.328888	27	3.1973438262939453
1716107664.1629963	13336	17781.328888	27	3.127479076385498
1716107664.2138357	13336	17781.328888	27	3.091512680053711
1716107664.2646692	13336	17781.328888	27	3.0508999824523926
1716107664.3154588	13336	17781.328888	27	3.0026919841766357
1716107664.3662295	13336	17781.328888	27	2.925459623336792
1716107664.4170678	13336	17781.328888	27	2.884509801864624
1716107664.4678884	13336	17781.328888	27	2.8487396240234375
1716107664.5188498	13336	17781.328888	27	2.785069704055786
1716107664.5695355	13336	17781.328888	27	2.7275707721710205
1716107664.6203916	13336	17781.328888	27	2.6723415851593018
1716107664.6711495	13336	17781.328888	27	2.626988172531128
1716107664.7219715	13336	17781.328888	27	2.5900731086730957
1716107664.7727654	13336	17781.328888	27	2.549197196960449
1716107664.823583	13336	17781.328888	27	2.488826036453247
1716107664.8744223	13336	17781.328888	27	2.4470415115356445
1716107664.925245	13336	17781.328888	27	2.3921213150024414
1716107664.9759738	13336	17781.328888	27	2.3244504928588867
1716107665.0267696	13336	17781.328888	27	2.290980815887451
1716107665.0774546	13336	17781.328888	28	3.806309700012207
1716107665.1282609	13336	17781.328888	28	3.7770025730133057
1716107665.17898	13336	17781.328888	28	3.718230724334717
1716107665.2297473	13336	17781.328888	28	3.662970781326294
1716107665.2805645	13336	17781.328888	28	3.6304805278778076
1716107665.33149	13336	17781.328888	28	3.5922861099243164
1716107665.3824894	13336	17781.328888	28	3.521151304244995
1716107665.433416	13336	17781.328888	28	3.458340883255005
1716107665.484236	13336	17781.328888	28	3.405703544616699
1716107665.5350897	13336	17781.328888	28	3.3707165718078613
1716107665.6269872	13336	17781.328888	28	3.2800283432006836
1716107665.6734354	13336	17781.328888	28	3.246093511581421
1716107665.7240207	13336	17781.328888	28	3.1843440532684326
1716107665.7747326	13336	17781.328888	28	3.1191182136535645
1716107665.825572	13336	17781.328888	28	3.089057683944702
1716107665.8764594	13336	17781.328888	28	3.043518304824829
1716107665.9271665	13336	17781.328888	28	2.995565176010132
1716107665.9779263	13336	17781.328888	28	2.923340320587158
1716107666.0285606	13336	17781.328888	28	2.8815176486968994
1716107666.0793536	13336	17781.328888	28	2.8207309246063232
1716107666.1301641	13336	17781.328888	28	2.7655534744262695
1716107666.1808865	13336	17781.328888	28	2.726494312286377
1716107666.231672	13336	17781.328888	28	2.665137767791748
1716107666.2824118	13336	17781.328888	28	2.6199469566345215
1716107666.3331184	13336	17781.328888	28	2.5789377689361572
1716107666.383919	13336	17781.328888	28	2.519441843032837
1716107666.4347305	13336	17781.328888	28	2.4815688133239746
1716107666.4855	13336	17781.328888	28	2.4365410804748535
1716107666.5361977	13336	17781.328888	28	2.376193046569824
1716107666.5869412	13336	17781.328888	28	2.3303098678588867
1716107666.637691	13336	17781.328888	28	2.2756526470184326
1716107666.6883628	13336	17781.328888	28	2.2259521484375
1716107666.739093	13336	17781.328888	28	2.181302547454834
1716107666.7898803	13336	17781.328888	28	2.1251227855682373
1716107666.8406343	13336	17781.328888	28	2.082486867904663
1716107666.8914194	13336	17781.328888	29	3.908158302307129
1716107666.9422479	13336	17781.328888	29	3.86293363571167
1716107666.993081	13336	17781.328888	29	3.8150644302368164
1716107667.0439818	13336	17781.328888	29	3.7832727432250977
1716107667.0947878	13336	17781.328888	29	3.741605281829834
1716107667.1455665	13336	17781.328888	29	3.679283618927002
1716107667.1966689	13336	17781.328888	29	3.6400866508483887
1716107667.2474387	13336	17781.328888	29	3.5820577144622803
1716107667.3236814	13336	17781.328888	29	3.5123658180236816
1716107667.360838	13336	17781.328888	29	3.4457995891571045
1716107667.4090474	13336	17781.328888	29	3.4234676361083984
1716107667.4597266	13336	17781.328888	29	3.3442678451538086
1716107667.5105247	13336	17781.328888	29	3.307766914367676
1716107667.5611506	13336	17781.328888	29	3.2481722831726074
1716107667.6119707	13336	17781.328888	29	3.2095279693603516
1716107667.6627288	13336	17781.328888	29	3.167937755584717
1716107667.7135186	13336	17781.328888	29	3.0966508388519287
1716107667.7643113	13336	17781.328888	29	3.046933889389038
1716107667.815122	13336	17781.328888	29	3.022886037826538
1716107667.865736	13336	17781.328888	29	2.960383653640747
1716107667.916528	13336	17781.328888	29	2.900322437286377
1716107667.9672034	13336	17781.328888	29	2.870492935180664
1716107668.0178711	13336	17781.328888	29	2.7953436374664307
1716107668.068559	13336	17781.328888	29	2.7493233680725098
1716107668.1191132	13336	17781.328888	29	2.703287124633789
1716107668.1699617	13336	17781.328888	29	2.6618196964263916
1716107668.2206843	13336	17781.328888	29	2.593386650085449
1716107668.27676	13336	17781.328888	29	2.546980381011963
1716107668.3329287	13336	17781.328888	29	2.495469093322754
1716107668.383665	13336	17781.328888	29	2.436793327331543
1716107668.4344006	13336	17781.328888	29	2.400197744369507
1716107668.4851952	13336	17781.328888	29	2.334174156188965
1716107668.535968	13336	17781.328888	30	3.6681292057037354
1716107668.5866466	13336	17781.328888	30	3.613422155380249
1716107668.6373806	13336	17781.328888	30	3.638110637664795
1716107668.6880689	13336	17781.328888	30	3.5134408473968506
1716107668.7388253	13336	17781.328888	30	3.4777514934539795
1716107668.7895951	13336	17781.328888	30	3.413429021835327
1716107668.8403115	13336	17781.328888	30	3.434837579727173
1716107668.9303963	13336	17781.328888	30	3.278907537460327
1716107668.9731786	13336	17781.328888	30	3.2325594425201416
1716107669.02384	13336	17781.328888	30	3.2270896434783936
1716107669.0745847	13336	17781.328888	30	3.185574531555176
1716107669.1251237	13336	17781.328888	30	3.0816149711608887
1716107669.1759293	13336	17781.328888	30	3.060704231262207
1716107669.2267292	13336	17781.328888	30	2.988215446472168
1716107669.2774866	13336	17781.328888	30	2.9687581062316895
1716107669.328194	13336	17781.328888	30	2.8823578357696533
1716107669.378982	13336	17781.328888	30	2.8429768085479736
1716107669.4297507	13336	17781.328888	30	2.7981486320495605
1716107669.4804466	13336	17781.328888	30	2.7661731243133545
1716107669.5311892	13336	17781.328888	30	2.707064151763916
1716107669.5818567	13336	17781.328888	30	2.6516354084014893
1716107669.6326623	13336	17781.328888	30	2.6113510131835938
1716107669.6835635	13336	17781.328888	30	2.536743640899658
1716107669.7342675	13336	17781.328888	30	2.5242083072662354
1716107669.7848923	13336	17781.328888	30	2.4508495330810547
1716107669.8356435	13336	17781.328888	30	2.425654649734497
1716107669.886464	13336	17781.328888	30	2.3882367610931396
1716107669.9372365	13336	17781.328888	30	2.2944695949554443
1716107669.9879699	13336	17781.328888	30	2.2282397747039795
1716107670.0387108	13336	17781.328888	30	2.1869008541107178
1716107670.0894327	13336	17781.328888	30	2.128267288208008
1716107670.1401951	13336	17781.328888	30	2.0911943912506104
1716107670.1908872	13336	17781.328888	30	2.083082914352417
1716107670.2416337	13336	17781.328888	30	1.9858241081237793
1716107670.2924347	13336	17781.328888	30	1.9437382221221924
1716107670.3431668	13336	17781.328888	30	1.8856942653656006
1716107670.3939416	13336	17781.328888	30	1.8198051452636719
1716107670.4447367	13336	17781.328888	30	1.7930316925048828
1716107670.495486	13336	17781.328888	30	1.7391538619995117
1716107670.5462108	13336	17781.328888	30	1.7282493114471436
1716107670.5969899	13336	17781.328888	30	1.6480598449707031
1716107670.647802	13336	17781.328888	30	1.5999181270599365
1716107670.6987166	13336	17781.328888	30	1.531555414199829
1716107670.7494888	13336	17781.328888	30	1.4757263660430908
1716107670.8437927	13336	17781.328888	31	2.4908275604248047
1716107670.8800168	13336	17781.328888	31	2.4296512603759766
1716107670.9307637	13336	17781.328888	31	2.383169174194336
1716107670.9815023	13336	17781.328888	31	2.330082416534424
1716107671.0321755	13336	17781.328888	31	2.2907819747924805
1716107671.0829628	13336	17781.328888	31	2.252030611038208
1716107671.133638	13336	17781.328888	31	2.179481267929077
1716107671.1844127	13336	17781.328888	31	2.137489080429077
1716107671.23519	13336	17781.328888	31	2.092229127883911
1716107671.286015	13336	17781.328888	31	2.046534776687622
1716107671.3368328	13336	17781.328888	31	1.987088918685913
1716107671.3876324	13336	17781.328888	31	1.936676025390625
1716107671.4384418	13336	17781.328888	31	1.8861818313598633
1716107671.4891832	13336	17781.328888	31	1.8358433246612549
1716107671.5399654	13336	17781.328888	31	1.775712490081787
1716107671.5907822	13336	17781.328888	31	1.7302217483520508
1716107671.6415613	13336	17781.328888	31	1.6916351318359375
1716107671.6923993	13336	17781.328888	31	1.6366100311279297
1716107671.743188	13336	17781.328888	31	1.5866732597351074
1716107671.7939935	13336	17781.328888	31	1.5380933284759521
1716107671.8447876	13336	17781.328888	31	1.4881186485290527
1716107671.8955934	13336	17781.328888	31	1.4384956359863281
1716107671.9464526	13336	17781.328888	31	1.3762648105621338
1716107671.9971964	13336	17781.328888	31	1.3363595008850098
1716107672.0479748	13336	17781.328888	31	1.2802720069885254
1716107672.0987988	13336	17781.328888	31	1.2299096584320068
1716107672.1496236	13336	17781.328888	31	1.1821815967559814
1716107672.238687	13336	17781.328888	32	2.0323007106781006
1716107672.286795	13336	17781.328888	32	1.988893985748291
1716107672.3332584	13336	17781.328888	32	1.9414420127868652
1716107672.3893256	13336	17781.328888	32	1.8849895000457764
1716107672.4400012	13336	17781.328888	32	1.8486366271972656
1716107672.490718	13336	17781.328888	32	1.7970302104949951
1716107672.5416243	13336	17781.328888	32	1.741609811782837
1716107672.5923736	13336	17781.328888	32	1.691457748413086
1716107672.6486113	13336	17781.328888	32	1.6304101943969727
1716107672.6994	13336	17781.328888	32	1.5847148895263672
1716107672.7502131	13336	17781.328888	32	1.5301587581634521
1716107672.8010504	13336	17781.328888	32	1.4805266857147217
1716107672.8519025	13336	17781.328888	32	1.4328315258026123
1716107672.90262	13336	17781.328888	32	1.385615348815918
1716107672.9534864	13336	17781.328888	32	1.3233222961425781
1716107673.004195	13336	17781.328888	32	1.2734794616699219
1716107673.0550387	13336	17781.328888	32	1.2324671745300293
1716107673.1058939	13336	17781.328888	32	1.1796627044677734
1716107673.1566942	13336	17781.328888	32	1.1297461986541748
1716107673.2074237	13336	17781.328888	32	1.0792992115020752
1716107673.2584298	13336	17781.328888	33	4.2768378257751465
1716107673.3353167	13336	17781.328888	33	4.2038795948028564
1716107673.3788617	13336	17781.328888	33	4.157399654388428
1716107673.4295235	13336	17781.328888	33	4.094462633132935
1716107673.4802597	13336	17781.328888	33	4.0397374629974365
1716107673.5310469	13336	17781.328888	33	4.009397506713867
1716107673.5819173	13336	17781.328888	33	3.9589478969573975
1716107673.6327693	13336	17781.328888	33	3.902116537094116
1716107673.6835945	13336	17781.328888	33	3.837507724761963
1716107673.734539	13336	17781.328888	33	3.7873754501342773
1716107673.785181	13336	17781.328888	33	3.75156569480896
1716107673.8360004	13336	17781.328888	33	3.6869916915893555
1716107673.8868575	13336	17781.328888	33	3.6462466716766357
1716107673.9377062	13336	17781.328888	33	3.592374801635742
1716107673.9885082	13336	17781.328888	33	3.5375895500183105
1716107674.0392969	13336	17781.328888	33	3.485743284225464
1716107674.0901434	13336	17781.328888	33	3.4514410495758057
1716107674.14093	13336	17781.328888	33	3.394907236099243
1716107674.1916494	13336	17781.328888	33	3.3403444290161133
1716107674.2423203	13336	17781.328888	33	3.2957077026367188
1716107674.2929235	13336	17781.328888	33	3.249290943145752
1716107674.3436065	13336	17781.328888	34	4.931210279464722
1716107674.3942664	13336	17781.328888	34	4.8953142166137695
1716107674.4447184	13336	17781.328888	34	4.830461263656616
1716107674.5007262	13336	17781.328888	34	4.779282808303833
1716107674.5514612	13336	17781.328888	34	4.7709105014801025
1716107674.6022074	13336	17781.328888	34	4.682283878326416
1716107674.6529438	13336	17781.328888	34	4.632684707641602
1716107674.7037554	13336	17781.328888	34	4.577269554138184
1716107674.7600076	13336	17781.328888	34	4.517510414123535
1716107674.8107128	13336	17781.328888	34	4.467989206314087
1716107674.861503	13336	17781.328888	34	4.42598032951355
1716107674.912335	13336	17781.328888	34	4.4248528480529785
1716107674.963018	13336	17781.328888	34	4.351825475692749
1716107675.0139284	13336	17781.328888	34	4.286855936050415
1716107675.0646765	13336	17781.328888	34	4.2422449588775635
1716107675.115446	13336	17781.328888	34	4.17704701423645
1716107675.166182	13336	17781.328888	34	4.116801977157593
1716107675.217108	13336	17781.328888	34	4.087128639221191
1716107675.2678034	13336	17781.328888	34	4.046334266662598
1716107675.3185668	13336	17781.328888	34	3.965528726577759
1716107675.3693225	13336	17781.328888	34	3.961449146270752
1716107675.4200191	13336	17781.328888	34	3.890122652053833
1716107675.4708347	13336	17781.328888	34	3.849414348602295
1716107675.5215588	13336	17781.328888	34	3.778280735015869
1716107675.572309	13336	17781.328888	34	3.759343147277832
1716107675.62292	13336	17781.328888	34	3.715789556503296
1716107675.673775	13336	17781.328888	34	3.658412218093872
1716107675.7245271	13336	17781.328888	34	3.592627763748169
1716107675.7752473	13336	17781.328888	34	3.5423567295074463
1716107675.8259714	13336	17781.328888	34	3.5147314071655273
1716107675.8767474	13336	17781.328888	34	3.4420340061187744
1716107675.9275136	13336	17781.328888	34	3.400454044342041
1716107675.978305	13336	17781.328888	34	3.3507604598999023
1716107676.0290709	13336	17781.328888	34	3.260176420211792
1716107676.0798378	13336	17781.328888	34	3.250631809234619
1716107676.130596	13336	17781.328888	34	3.202611207962036
1716107676.1814013	13336	17781.328888	34	3.149803400039673
1716107676.2321193	13336	17781.328888	34	3.1015090942382812
1716107676.282847	13336	17781.328888	34	3.037959098815918
1716107676.3336139	13336	17781.328888	34	2.96272349357605
1716107676.3844097	13336	17781.328888	34	2.932295799255371
1716107676.4352148	13336	17781.328888	34	2.8913488388061523
1716107676.4859536	13336	17781.328888	34	2.8538315296173096
1716107676.536758	13336	17781.328888	34	2.786025285720825
1716107676.587516	13336	17781.328888	34	2.754263401031494
1716107676.638313	13336	17781.328888	34	2.6647887229919434
1716107676.6889293	13336	17781.328888	34	2.638568639755249
1716107676.739762	13336	17781.328888	34	2.5888941287994385
1716107676.7905476	13336	17781.328888	34	2.5378003120422363
1716107676.8413157	13336	17781.328888	34	2.4779982566833496
1716107676.8921	13336	17781.328888	34	2.401993751525879
1716107676.9428947	13336	17781.328888	34	2.386537790298462
1716107676.9936543	13336	17781.328888	34	2.343987464904785
1716107677.0444515	13336	17781.328888	34	2.2979283332824707
1716107677.0951586	13336	17781.328888	34	2.2396042346954346
1716107677.145955	13336	17781.328888	34	2.165656566619873
1716107677.1967676	13336	17781.328888	34	2.1244630813598633
1716107677.2475622	13336	17781.328888	34	2.092759370803833
1716107677.2983751	13336	17781.328888	34	2.012814998626709
1716107677.3491917	13336	17781.328888	34	1.9779388904571533
1716107677.3999796	13336	17781.328888	34	1.9366428852081299
1716107677.450752	13336	17781.328888	34	1.8413076400756836
1716107677.5016203	13336	17781.328888	35	3.1996383666992188
1716107677.5611312	13336	17781.328888	35	3.1446309089660645
1716107677.6098077	13336	17781.328888	35	3.0984582901000977
1716107677.6605072	13336	17781.328888	35	3.046316623687744
1716107677.711123	13336	17781.328888	35	3.0080506801605225
1716107677.7619722	13336	17781.328888	35	2.9433507919311523
1716107677.8128388	13336	17781.328888	35	2.914255142211914
1716107677.8637085	13336	17781.328888	35	2.8434901237487793
1716107677.914388	13336	17781.328888	35	2.7959187030792236
1716107677.965226	13336	17781.328888	35	2.756218194961548
1716107678.0160623	13336	17781.328888	35	2.711491107940674
1716107678.0668929	13336	17781.328888	35	2.647092342376709
1716107678.1176288	13336	17781.328888	35	2.6123485565185547
1716107678.1684191	13336	17781.328888	35	2.5559298992156982
1716107678.2192163	13336	17781.328888	35	2.511545419692993
1716107678.2699845	13336	17781.328888	35	2.4414241313934326
1716107678.32077	13336	17781.328888	35	2.3952739238739014
1716107678.3716435	13336	17781.328888	35	2.3454794883728027
1716107678.4224277	13336	17781.328888	35	2.3080053329467773
1716107678.4732225	13336	17781.328888	35	2.249422788619995
1716107678.5239992	13336	17781.328888	35	2.198983907699585
1716107678.5747929	13336	17781.328888	35	2.1511149406433105
1716107678.6256697	13336	17781.328888	35	2.1031200885772705
1716107678.67646	13336	17781.328888	35	2.0474696159362793
1716107678.7272255	13336	17781.328888	35	1.9876680374145508
1716107678.7779245	13336	17781.328888	36	3.4635233879089355
1716107678.8341563	13336	17781.328888	36	3.39254093170166
1716107678.884973	13336	17781.328888	36	3.3718276023864746
1716107678.9357815	13336	17781.328888	36	3.3111698627471924
1716107678.9866335	13336	17781.328888	36	3.2510156631469727
1716107679.037485	13336	17781.328888	36	3.209949254989624
1716107679.0883946	13336	17781.328888	36	3.1502058506011963
1716107679.1395395	13336	17781.328888	36	3.1180052757263184
1716107679.1904721	13336	17781.328888	36	3.0435950756073
1716107679.2414014	13336	17781.328888	36	2.997631549835205
1716107679.3457673	13336	17781.328888	36	2.8789761066436768
1716107679.3871484	13336	17781.328888	36	2.8732995986938477
1716107679.4336386	13336	17781.328888	36	2.8271853923797607
1716107679.4843864	13336	17781.328888	36	2.7712297439575195
1716107679.5350213	13336	17781.328888	36	2.720996618270874
1716107679.5857677	13336	17781.328888	36	2.686063766479492
1716107679.6365426	13336	17781.328888	36	2.5891458988189697
1716107679.6873224	13336	17781.328888	36	2.5746536254882812
1716107679.738309	13336	17781.328888	36	2.5099425315856934
1716107679.7891078	13336	17781.328888	36	2.467334270477295
1716107679.8398638	13336	17781.328888	36	2.4027867317199707
1716107679.8906024	13336	17781.328888	36	2.3666234016418457
1716107679.9412324	13336	17781.328888	36	2.306546449661255
1716107679.9919033	13336	17781.328888	36	2.279581069946289
1716107680.0425856	13336	17781.328888	36	2.216081142425537
1716107680.093235	13336	17781.328888	36	2.1357808113098145
1716107680.1438591	13336	17781.328888	36	2.100565195083618
1716107680.1945596	13336	17781.328888	36	2.0406198501586914
1716107680.2452242	13336	17781.328888	36	1.984743356704712
1716107680.2958882	13336	17781.328888	36	1.96336030960083
1716107680.3465793	13336	17781.328888	36	1.9235517978668213
1716107680.3972044	13336	17781.328888	36	1.8337535858154297
1716107680.4479206	13336	17781.328888	36	1.7884316444396973
1716107680.4986787	13336	17781.328888	37	2.6636667251586914
1716107680.5494175	13336	17781.328888	37	2.610994577407837
1716107680.6055105	13336	17781.328888	37	2.5565290451049805
1716107680.6563182	13336	17781.328888	37	2.5255603790283203
1716107680.7363057	13336	17781.328888	37	2.4461498260498047
1716107680.7819228	13336	17781.328888	37	2.3794901371002197
1716107680.832634	13336	17781.328888	37	2.3313310146331787
1716107680.8833697	13336	17781.328888	37	2.2944865226745605
1716107680.9340937	13336	17781.328888	37	2.24342942237854
1716107680.9849207	13336	17781.328888	37	2.1879358291625977
1716107681.0356605	13336	17781.328888	37	2.137941360473633
1716107681.086401	13336	17781.328888	37	2.0810070037841797
1716107681.1371174	13336	17781.328888	37	2.0384111404418945
1716107681.1879396	13336	17781.328888	37	1.9819879531860352
1716107681.238751	13336	17781.328888	37	1.940927505493164
1716107681.2894862	13336	17781.328888	37	1.8775749206542969
1716107681.340317	13336	17781.328888	37	1.8314642906188965
1716107681.390936	13336	17781.328888	37	1.7917335033416748
1716107681.4416647	13336	17781.328888	37	1.7389023303985596
1716107681.4923787	13336	17781.328888	37	1.684145212173462
1716107681.5430489	13336	17781.328888	37	1.625248670578003
1716107681.593892	13336	17781.328888	37	1.5895192623138428
1716107681.644726	13336	17781.328888	37	1.5335052013397217
1716107681.6955824	13336	17781.328888	37	1.4750440120697021
1716107681.7464995	13336	17781.328888	37	1.4280481338500977
1716107681.797236	13336	17781.328888	37	1.3821284770965576
1716107681.8480952	13336	17781.328888	37	1.3176405429840088
1716107681.8988545	13336	17781.328888	38	2.427271604537964
1716107681.9497044	13336	17781.328888	38	2.3815267086029053
1716107682.0008972	13336	17781.328888	38	2.320199966430664
1716107682.0517066	13336	17781.328888	38	2.2838971614837646
1716107682.1025002	13336	17781.328888	38	2.2451906204223633
1716107682.1533198	13336	17781.328888	38	2.173825263977051
1716107682.204051	13336	17781.328888	38	2.127610445022583
1716107682.2788832	13336	17781.328888	38	2.0432651042938232
1716107682.3232172	13336	17781.328888	38	2.008888006210327
1716107682.3738704	13336	17781.328888	38	1.990973949432373
1716107682.424548	13336	17781.328888	38	1.8935742378234863
1716107682.4751995	13336	17781.328888	38	1.847888469696045
1716107682.5259538	13336	17781.328888	38	1.8021056652069092
1716107682.5767303	13336	17781.328888	38	1.756269931793213
1716107682.6275733	13336	17781.328888	38	1.709028959274292
1716107682.6783931	13336	17781.328888	38	1.6456632614135742
1716107682.729134	13336	17781.328888	38	1.5898690223693848
1716107682.7799113	13336	17781.328888	38	1.5490782260894775
1716107682.8307312	13336	17781.328888	38	1.5038957595825195
1716107682.8816433	13336	17781.328888	38	1.4433560371398926
1716107682.9324574	13336	17781.328888	38	1.3875269889831543
1716107682.9833899	13336	17781.328888	38	1.3465514183044434
1716107683.0342019	13336	17781.328888	38	1.296626091003418
1716107683.0849762	13336	17781.328888	38	1.2614901065826416
1716107683.1357656	13336	17781.328888	38	1.209778070449829
1716107683.189025	13336	17781.328888	39	2.17592191696167
1716107683.2372553	13336	17781.328888	39	2.1411285400390625
1716107683.2879188	13336	17781.328888	39	2.090839385986328
1716107683.3386977	13336	17781.328888	39	2.025885820388794
1716107683.3893912	13336	17781.328888	39	1.9882276058197021
1716107683.4401183	13336	17781.328888	39	1.9349842071533203
1716107683.4909291	13336	17781.328888	39	1.8776350021362305
1716107683.5417361	13336	17781.328888	39	1.8354876041412354
1716107683.5985744	13336	17781.328888	39	1.7814972400665283
1716107683.6493676	13336	17781.328888	39	1.7227082252502441
1716107683.700186	13336	17781.328888	39	1.6726925373077393
1716107683.7509983	13336	17781.328888	39	1.615062952041626
1716107683.8017766	13336	17781.328888	39	1.572026252746582
1716107683.852611	13336	17781.328888	39	1.5237421989440918
1716107683.903419	13336	17781.328888	39	1.4666850566864014
1716107683.9542503	13336	17781.328888	39	1.426774024963379
1716107684.0049	13336	17781.328888	39	1.3661348819732666
1716107684.0557497	13336	17781.328888	40	2.4061224460601807
1716107684.1065714	13336	17781.328888	40	2.365992546081543
1716107684.1573465	13336	17781.328888	40	2.3117597103118896
1716107684.208115	13336	17781.328888	40	2.2746384143829346
1716107684.2588437	13336	17781.328888	40	2.2081518173217773
1716107684.3096652	13336	17781.328888	40	2.1554694175720215
1716107684.3680177	13336	17781.328888	40	2.1129190921783447
1716107684.4156032	13336	17781.328888	40	2.0609350204467773
1716107684.4663923	13336	17781.328888	40	2.0014171600341797
1716107684.5171573	13336	17781.328888	40	1.962815284729004
1716107684.5678458	13336	17781.328888	40	1.9042744636535645
1716107684.6186807	13336	17781.328888	40	1.8615455627441406
1716107684.669494	13336	17781.328888	40	1.8136913776397705
1716107684.720272	13336	17781.328888	40	1.7532422542572021
1716107684.7710302	13336	17781.328888	40	1.704451322555542
1716107684.8217344	13336	17781.328888	40	1.653365135192871
1716107684.8724854	13336	17781.328888	40	1.5981967449188232
1716107684.9232476	13336	17781.328888	40	1.5616154670715332
1716107684.9740977	13336	17781.328888	40	1.505143642425537
1716107685.0248225	13336	17781.328888	40	1.4548287391662598
1716107685.075613	13336	17781.328888	40	1.4078495502471924
1716107685.1264126	13336	17781.328888	40	1.3551902770996094
1716107685.1770566	13336	17781.328888	41	2.3755078315734863
1716107685.2278643	13336	17781.328888	41	2.328181266784668
1716107685.2786968	13336	17781.328888	41	2.290196657180786
1716107685.3295605	13336	17781.328888	41	2.239694833755493
1716107685.3829181	13336	17781.328888	41	2.1757473945617676
1716107685.4321337	13336	17781.328888	41	2.126084804534912
1716107685.4827633	13336	17781.328888	41	2.077784538269043
1716107685.5333934	13336	17781.328888	41	2.020031452178955
1716107685.584033	13336	17781.328888	41	1.985560655593872
1716107685.6347399	13336	17781.328888	41	1.9316363334655762
1716107685.6855206	13336	17781.328888	41	1.877936840057373
1716107685.736064	13336	17781.328888	41	1.8234853744506836
1716107685.786792	13336	17781.328888	41	1.768263816833496
1716107685.837491	13336	17781.328888	41	1.7293040752410889
1716107685.8881867	13336	17781.328888	41	1.668853998184204
1716107685.9388669	13336	17781.328888	41	1.6260929107666016
1716107685.9895482	13336	17781.328888	41	1.5721063613891602
1716107686.045653	13336	17781.328888	41	1.5221524238586426
1716107686.0963302	13336	17781.328888	41	1.466773509979248
1716107686.15245	13336	17781.328888	41	1.4129869937896729
1716107686.2032397	13336	17781.328888	42	2.0180861949920654
1716107686.2540138	13336	17781.328888	42	1.971109390258789
1716107686.3048978	13336	17781.328888	42	1.9196791648864746
1716107686.3608193	13336	17781.328888	42	1.8622958660125732
