1716110619.8465264	6668	8890.664444	3	0.65765380859375
1716110619.8971653	6668	8890.664444	4	1.1621549129486084
1716110619.9477634	6668	8890.664444	4	1.1154639720916748
1716110619.9984887	6668	8890.664444	4	1.067183494567871
1716110620.0492039	6668	8890.664444	4	1.0151209831237793
1716110620.0995643	6668	8890.664444	4	0.9613943099975586
1716110620.1555164	6668	8890.664444	4	0.9094746112823486
1716110620.2061882	6668	8890.664444	4	0.8589868545532227
1716110620.2569268	6668	8890.664444	4	0.8095734119415283
1716110620.3075838	6668	8890.664444	4	0.7564671039581299
1716110620.358213	6668	8890.664444	5	1.4203503131866455
1716110620.4090106	6668	8890.664444	5	1.3763902187347412
1716110620.4597218	6668	8890.664444	5	1.328023910522461
1716110620.510403	6668	8890.664444	5	1.2784044742584229
1716110620.561123	6668	8890.664444	5	1.2156453132629395
1716110620.611898	6668	8890.664444	5	1.1697077751159668
1716110620.6626325	6668	8890.664444	5	1.121772289276123
1716110620.7134244	6668	8890.664444	5	1.0689165592193604
1716110620.7641613	6668	8890.664444	5	1.0159077644348145
1716110620.8149362	6668	8890.664444	5	0.9659872055053711
1716110620.865661	6668	8890.664444	5	0.9207572937011719
1716110620.916535	6668	8890.664444	5	0.8669862747192383
1716110620.9672258	6668	8890.664444	6	1.4680333137512207
1716110621.0180268	6668	8890.664444	6	1.4279227256774902
1716110621.0692115	6668	8890.664444	6	1.375899076461792
1716110621.1194756	6668	8890.664444	6	1.3253381252288818
1716110621.1700287	6668	8890.664444	6	1.2732958793640137
1716110621.2206287	6668	8890.664444	6	1.2269856929779053
1716110621.271313	6668	8890.664444	6	1.1680653095245361
1716110621.321829	6668	8890.664444	6	1.1261851787567139
1716110621.3725228	6668	8890.664444	6	1.0718252658843994
1716110621.4231648	6668	8890.664444	6	1.017836332321167
1716110621.4738617	6668	8890.664444	6	0.9752194881439209
1716110621.524524	6668	8890.664444	6	0.9184067249298096
1716110621.575207	6668	8890.664444	6	0.8667585849761963
1716110621.6259115	6668	8890.664444	6	0.8117043972015381
1716110621.6767519	6668	8890.664444	6	0.7734994888305664
1716110621.7275856	6668	8890.664444	6	0.71913743019104
1716110621.7869036	6668	8890.664444	7	1.4214465618133545
1716110621.8374708	6668	8890.664444	7	1.376601219177246
1716110621.8880868	6668	8890.664444	7	1.3211581707000732
1716110621.9387097	6668	8890.664444	7	1.2801313400268555
1716110621.989394	6668	8890.664444	7	1.230161428451538
1716110622.0401845	6668	8890.664444	7	1.1783759593963623
1716110622.0909216	6668	8890.664444	7	1.1208407878875732
1716110622.1416125	6668	8890.664444	7	1.068528652191162
1716110622.1922715	6668	8890.664444	7	1.0241148471832275
1716110622.2429767	6668	8890.664444	7	0.9718837738037109
1716110622.2937613	6668	8890.664444	7	0.919926643371582
1716110622.3444889	6668	8890.664444	7	0.8682007789611816
1716110622.3952394	6668	8890.664444	8	1.7542405128479004
1716110622.4528356	6668	8890.664444	8	1.7081365585327148
1716110622.501356	6668	8890.664444	8	1.6556990146636963
1716110622.5522718	6668	8890.664444	8	1.611711025238037
1716110622.6028209	6668	8890.664444	8	1.5553994178771973
1716110622.6535196	6668	8890.664444	8	1.4988136291503906
1716110622.7041526	6668	8890.664444	8	1.4535155296325684
1716110622.754846	6668	8890.664444	8	1.3962888717651367
1716110622.8055189	6668	8890.664444	8	1.3524420261383057
1716110622.8560894	6668	8890.664444	8	1.2982983589172363
1716110622.9067805	6668	8890.664444	8	1.2558250427246094
1716110622.9573934	6668	8890.664444	8	1.1978061199188232
1716110623.0080185	6668	8890.664444	8	1.15187406539917
1716110623.0587418	6668	8890.664444	8	1.104893684387207
1716110623.1094477	6668	8890.664444	8	1.050809383392334
1716110623.1600266	6668	8890.664444	9	1.87568998336792
1716110623.2217896	6668	8890.664444	9	1.812896728515625
1716110623.2707963	6668	8890.664444	9	1.7795701026916504
1716110623.321422	6668	8890.664444	9	1.7152140140533447
1716110623.3720462	6668	8890.664444	9	1.6690905094146729
1716110623.4226906	6668	8890.664444	9	1.6157617568969727
1716110623.4733403	6668	8890.664444	9	1.568774938583374
1716110623.5240254	6668	8890.664444	9	1.5134716033935547
1716110623.5747206	6668	8890.664444	9	1.471985101699829
1716110623.625389	6668	8890.664444	9	1.4139926433563232
1716110623.6760752	6668	8890.664444	9	1.3642256259918213
1716110623.7268152	6668	8890.664444	9	1.3211860656738281
1716110623.7776217	6668	8890.664444	9	1.267174243927002
1716110623.828307	6668	8890.664444	9	1.2154502868652344
1716110623.8790681	6668	8890.664444	9	1.1685597896575928
1716110623.9297972	6668	8890.664444	9	1.115983247756958
1716110623.9806118	6668	8890.664444	10	1.8746387958526611
1716110624.0314348	6668	8890.664444	10	1.8234879970550537
1716110624.0822039	6668	8890.664444	10	1.7755544185638428
1716110624.1329343	6668	8890.664444	10	1.7327156066894531
1716110624.183591	6668	8890.664444	10	1.6769757270812988
1716110624.234202	6668	8890.664444	10	1.638291835784912
1716110624.2848492	6668	8890.664444	10	1.582754135131836
1716110624.3354893	6668	8890.664444	10	1.5239181518554688
1716110624.3861768	6668	8890.664444	10	1.4723691940307617
1716110624.4368386	6668	8890.664444	10	1.4233894348144531
1716110624.4875798	6668	8890.664444	10	1.3808765411376953
1716110624.5383139	6668	8890.664444	10	1.3230087757110596
1716110624.5889635	6668	8890.664444	10	1.2810816764831543
1716110624.6396043	6668	8890.664444	10	1.2315683364868164
1716110624.6901855	6668	8890.664444	10	1.179297924041748
1716110624.7409692	6668	8890.664444	10	1.1235880851745605
1716110624.7915394	6668	8890.664444	10	1.0782928466796875
1716110624.8420866	6668	8890.664444	10	1.023245096206665
1716110624.8926651	6668	8890.664444	10	0.9746606349945068
1716110624.943501	6668	8890.664444	10	0.9228761196136475
1716110624.9942222	6668	8890.664444	10	0.8760459423065186
1716110625.0534005	6668	8890.664444	11	1.607285976409912
1716110625.0998933	6668	8890.664444	11	1.5380258560180664
1716110625.1505017	6668	8890.664444	11	1.5019183158874512
1716110625.2010224	6668	8890.664444	11	1.454162836074829
1716110625.2516174	6668	8890.664444	11	1.40165376663208
1716110625.302397	6668	8890.664444	11	1.3567531108856201
1716110625.3529658	6668	8890.664444	11	1.303154468536377
1716110625.4036503	6668	8890.664444	11	1.2538056373596191
1716110625.4544082	6668	8890.664444	11	1.184462308883667
1716110625.5050871	6668	8890.664444	11	1.156388521194458
1716110625.5556743	6668	8890.664444	11	1.1014869213104248
1716110625.6063468	6668	8890.664444	11	1.0539765357971191
1716110625.6568599	6668	8890.664444	11	0.9973535537719727
1716110625.7075233	6668	8890.664444	11	0.9508042335510254
1716110625.7580845	6668	8890.664444	12	1.863487958908081
1716110625.8087277	6668	8890.664444	12	1.8046016693115234
1716110625.872641	6668	8890.664444	12	1.7497186660766602
1716110625.921039	6668	8890.664444	12	1.6972177028656006
1716110625.9715943	6668	8890.664444	12	1.6544208526611328
1716110626.022036	6668	8890.664444	12	1.5924596786499023
1716110626.0726125	6668	8890.664444	12	1.546205997467041
1716110626.1231952	6668	8890.664444	12	1.5006225109100342
1716110626.1737115	6668	8890.664444	12	1.4417481422424316
1716110626.2242608	6668	8890.664444	12	1.3969433307647705
1716110626.2748134	6668	8890.664444	12	1.3450090885162354
1716110626.3254888	6668	8890.664444	12	1.300225019454956
1716110626.3761098	6668	8890.664444	12	1.240218162536621
1716110626.4266906	6668	8890.664444	12	1.197495937347412
1716110626.477239	6668	8890.664444	12	1.1402587890625
1716110626.5279198	6668	8890.664444	13	1.7705533504486084
1716110626.57863	6668	8890.664444	13	1.7107024192810059
1716110626.629423	6668	8890.664444	13	1.661099910736084
1716110626.679987	6668	8890.664444	13	1.6122698783874512
1716110626.7305636	6668	8890.664444	13	1.5656874179840088
1716110626.7812002	6668	8890.664444	13	1.5118358135223389
1716110626.8317924	6668	8890.664444	13	1.4597949981689453
1716110626.8824792	6668	8890.664444	13	1.419292688369751
1716110626.9330556	6668	8890.664444	13	1.3644154071807861
1716110626.9836805	6668	8890.664444	13	1.3177361488342285
1716110627.0343595	6668	8890.664444	13	1.2681300640106201
1716110627.0850563	6668	8890.664444	13	1.209686517715454
1716110627.1357033	6668	8890.664444	13	1.1624374389648438
1716110627.1862712	6668	8890.664444	13	1.109161615371704
1716110627.2369776	6668	8890.664444	13	1.0634162425994873
1716110627.2876072	6668	8890.664444	14	1.7551839351654053
1716110627.3438864	6668	8890.664444	14	1.7019667625427246
1716110627.394569	6668	8890.664444	14	1.6417922973632812
1716110627.4452975	6668	8890.664444	14	1.6014013290405273
1716110627.4958372	6668	8890.664444	14	1.542079210281372
1716110627.5466197	6668	8890.664444	14	1.504469394683838
1716110627.5972228	6668	8890.664444	14	1.4557170867919922
1716110627.6477156	6668	8890.664444	14	1.395932674407959
1716110627.698267	6668	8890.664444	14	1.3405306339263916
1716110627.7488928	6668	8890.664444	14	1.3000273704528809
1716110627.7994342	6668	8890.664444	14	1.2545897960662842
1716110627.8500297	6668	8890.664444	14	1.189490795135498
1716110627.9061363	6668	8890.664444	14	1.1434674263000488
1716110627.956797	6668	8890.664444	14	1.0924715995788574
1716110628.007501	6668	8890.664444	14	1.0329861640930176
1716110628.0581493	6668	8890.664444	14	0.983818531036377
1716110628.108896	6668	8890.664444	14	0.9366528987884521
1716110628.1596081	6668	8890.664444	14	0.8908135890960693
1716110628.2102566	6668	8890.664444	14	0.8417892456054688
1716110628.2609239	6668	8890.664444	14	0.786628246307373
1716110628.3115036	6668	8890.664444	15	1.6118755340576172
1716110628.3620634	6668	8890.664444	15	1.5672996044158936
1716110628.4126568	6668	8890.664444	15	1.5081415176391602
1716110628.4632733	6668	8890.664444	15	1.467818260192871
1716110628.5140188	6668	8890.664444	15	1.4109904766082764
1716110628.5646992	6668	8890.664444	15	1.362640380859375
1716110628.6153865	6668	8890.664444	15	1.3064720630645752
1716110628.6660244	6668	8890.664444	15	1.2601490020751953
1716110628.716722	6668	8890.664444	15	1.2060022354125977
1716110628.7675526	6668	8890.664444	15	1.1625735759735107
1716110628.8180153	6668	8890.664444	15	1.1061854362487793
1716110628.868676	6668	8890.664444	15	1.0595066547393799
1716110628.9193027	6668	8890.664444	15	1.0097484588623047
1716110628.9700058	6668	8890.664444	16	1.8406717777252197
1716110629.020648	6668	8890.664444	16	1.7943129539489746
1716110629.0711286	6668	8890.664444	16	1.740417718887329
1716110629.1217299	6668	8890.664444	16	1.6923155784606934
1716110629.1723058	6668	8890.664444	16	1.6499440670013428
1716110629.222903	6668	8890.664444	16	1.5948901176452637
1716110629.2735472	6668	8890.664444	16	1.552328109741211
1716110629.3241825	6668	8890.664444	16	1.5011377334594727
1716110629.3748503	6668	8890.664444	16	1.4451346397399902
1716110629.4256241	6668	8890.664444	16	1.3963704109191895
1716110629.476241	6668	8890.664444	16	1.3412649631500244
1716110629.526909	6668	8890.664444	16	1.2897593975067139
1716110629.5775075	6668	8890.664444	16	1.2435352802276611
1716110629.6282306	6668	8890.664444	16	1.200624942779541
1716110629.6788228	6668	8890.664444	16	1.140009880065918
1716110629.7295103	6668	8890.664444	16	1.097132682800293
1716110629.7801738	6668	8890.664444	16	1.047142744064331
1716110629.830885	6668	8890.664444	16	0.9935026168823242
1716110629.8815937	6668	8890.664444	16	0.9440126419067383
1716110629.9345305	6668	8890.664444	17	1.567333698272705
1716110629.9833853	6668	8890.664444	17	1.526045799255371
1716110630.0339634	6668	8890.664444	17	1.4704501628875732
1716110630.0846174	6668	8890.664444	17	1.4256160259246826
1716110630.1352565	6668	8890.664444	17	1.3710784912109375
1716110630.1859465	6668	8890.664444	17	1.3154428005218506
1716110630.2365985	6668	8890.664444	17	1.2705814838409424
1716110630.2878916	6668	8890.664444	17	1.220627784729004
1716110630.3385408	6668	8890.664444	17	1.1641535758972168
1716110630.3892298	6668	8890.664444	17	1.1149086952209473
1716110630.439912	6668	8890.664444	17	1.068208932876587
1716110630.4905744	6668	8890.664444	17	1.0149564743041992
1716110630.541205	6668	8890.664444	17	0.9640586376190186
1716110630.5918984	6668	8890.664444	17	0.9193079471588135
1716110630.6425865	6668	8890.664444	18	1.8570051193237305
1716110630.693312	6668	8890.664444	18	1.8044459819793701
1716110630.7439485	6668	8890.664444	18	1.7461793422698975
1716110630.7946043	6668	8890.664444	18	1.696488380432129
1716110630.8451202	6668	8890.664444	18	1.6502463817596436
1716110630.8957849	6668	8890.664444	18	1.6016604900360107
1716110630.9464195	6668	8890.664444	18	1.5460522174835205
1716110630.997012	6668	8890.664444	18	1.5075366497039795
1716110631.0477211	6668	8890.664444	18	1.4467501640319824
1716110631.0984523	6668	8890.664444	18	1.4002280235290527
1716110631.149016	6668	8890.664444	18	1.3551325798034668
1716110631.1996677	6668	8890.664444	18	1.2996876239776611
1716110631.250431	6668	8890.664444	18	1.245790719985962
1716110631.3010864	6668	8890.664444	18	1.2014169692993164
1716110631.3516333	6668	8890.664444	18	1.1518259048461914
1716110631.402412	6668	8890.664444	18	1.0941693782806396
1716110631.4530547	6668	8890.664444	18	1.0478801727294922
1716110631.513787	6668	8890.664444	19	1.8444743156433105
1716110631.5625024	6668	8890.664444	19	1.7943878173828125
1716110631.6131053	6668	8890.664444	19	1.758859395980835
1716110631.663734	6668	8890.664444	19	1.7003211975097656
1716110631.71419	6668	8890.664444	19	1.6495046615600586
1716110631.7647452	6668	8890.664444	19	1.6053133010864258
1716110631.815337	6668	8890.664444	19	1.553807258605957
1716110631.8659325	6668	8890.664444	19	1.4944102764129639
1716110631.9164944	6668	8890.664444	19	1.4434373378753662
1716110631.9670575	6668	8890.664444	19	1.3978486061096191
1716110632.0176044	6668	8890.664444	19	1.3435673713684082
1716110632.068155	6668	8890.664444	19	1.2939577102661133
1716110632.1187634	6668	8890.664444	19	1.2391753196716309
1716110632.1693573	6668	8890.664444	19	1.196547508239746
1716110632.2199476	6668	8890.664444	19	1.1470870971679688
1716110632.2705297	6668	8890.664444	19	1.0968897342681885
1716110632.3212023	6668	8890.664444	19	1.0498855113983154
1716110632.371848	6668	8890.664444	19	0.9963836669921875
1716110632.422592	6668	8890.664444	20	1.8045005798339844
1716110632.4731636	6668	8890.664444	20	1.7532026767730713
1716110632.5237567	6668	8890.664444	20	1.7055604457855225
1716110632.574218	6668	8890.664444	20	1.6450231075286865
1716110632.6248822	6668	8890.664444	20	1.6017882823944092
1716110632.6754558	6668	8890.664444	20	1.5446512699127197
1716110632.7260458	6668	8890.664444	20	1.4983110427856445
1716110632.7766643	6668	8890.664444	20	1.4441978931427002
1716110632.8273256	6668	8890.664444	20	1.400620937347412
1716110632.8780499	6668	8890.664444	20	1.3505465984344482
1716110632.9287598	6668	8890.664444	20	1.300147533416748
1716110632.9794192	6668	8890.664444	20	1.2459816932678223
1716110633.0300338	6668	8890.664444	20	1.1917400360107422
1716110633.0860846	6668	8890.664444	21	1.8556766510009766
1716110633.1367784	6668	8890.664444	21	1.8095719814300537
1716110633.1874442	6668	8890.664444	21	1.769636631011963
1716110633.2380416	6668	8890.664444	21	1.7126600742340088
1716110633.2886627	6668	8890.664444	21	1.65592360496521
1716110633.339384	6668	8890.664444	21	1.6059935092926025
1716110633.3898928	6668	8890.664444	21	1.567502737045288
1716110633.4404833	6668	8890.664444	21	1.5081274509429932
1716110633.4911225	6668	8890.664444	21	1.4567229747772217
1716110633.5418055	6668	8890.664444	21	1.4092459678649902
1716110633.5924618	6668	8890.664444	21	1.3594286441802979
1716110633.6431117	6668	8890.664444	21	1.3132660388946533
1716110633.6939337	6668	8890.664444	21	1.2589428424835205
1716110633.74464	6668	8890.664444	21	1.2091572284698486
1716110633.7953038	6668	8890.664444	21	1.1588828563690186
1716110633.8458796	6668	8890.664444	21	1.1129093170166016
1716110633.896641	6668	8890.664444	21	1.0531885623931885
1716110633.947309	6668	8890.664444	21	1.0081961154937744
1716110633.9979672	6668	8890.664444	21	0.9604742527008057
1716110634.0487297	6668	8890.664444	22	1.7704391479492188
1716110634.0994635	6668	8890.664444	22	1.7254173755645752
1716110634.1501257	6668	8890.664444	22	1.671661138534546
1716110634.20088	6668	8890.664444	22	1.6189663410186768
1716110634.2515287	6668	8890.664444	22	1.5718541145324707
1716110634.3020873	6668	8890.664444	22	1.532423496246338
1716110634.3528676	6668	8890.664444	22	1.4680545330047607
1716110634.4034736	6668	8890.664444	22	1.4271597862243652
1716110634.4541824	6668	8890.664444	22	1.372715950012207
1716110634.5048702	6668	8890.664444	22	1.3262732028961182
1716110634.555542	6668	8890.664444	22	1.2685043811798096
1716110634.6061027	6668	8890.664444	22	1.2185633182525635
1716110634.6568289	6668	8890.664444	22	1.1710405349731445
1716110634.7076004	6668	8890.664444	22	1.1246538162231445
1716110634.7583668	6668	8890.664444	22	1.070441484451294
1716110634.809005	6668	8890.664444	22	1.0169222354888916
1716110634.8595834	6668	8890.664444	22	0.9736158847808838
1716110634.9158661	6668	8890.664444	22	0.9138641357421875
1716110634.9664063	6668	8890.664444	23	1.7986814975738525
1716110635.0171692	6668	8890.664444	23	1.748375654220581
1716110635.0677207	6668	8890.664444	23	1.6910500526428223
1716110635.1182613	6668	8890.664444	23	1.6433396339416504
1716110635.1689417	6668	8890.664444	23	1.6066765785217285
1716110635.219635	6668	8890.664444	23	1.5563840866088867
1716110635.2702117	6668	8890.664444	23	1.5061404705047607
1716110635.320962	6668	8890.664444	23	1.4457049369812012
1716110635.371581	6668	8890.664444	23	1.3916025161743164
1716110635.4221342	6668	8890.664444	23	1.342008352279663
1716110635.4727786	6668	8890.664444	23	1.2869248390197754
1716110635.5236795	6668	8890.664444	23	1.2448985576629639
1716110635.5741255	6668	8890.664444	23	1.2031254768371582
1716110635.6248677	6668	8890.664444	24	1.811786413192749
1716110635.6755908	6668	8890.664444	24	1.7396702766418457
1716110635.72621	6668	8890.664444	24	1.7086522579193115
1716110635.7768903	6668	8890.664444	24	1.6519570350646973
1716110635.8365834	6668	8890.664444	24	1.5918478965759277
1716110635.8853736	6668	8890.664444	24	1.5410387516021729
1716110635.9360116	6668	8890.664444	24	1.490067481994629
1716110635.9866421	6668	8890.664444	24	1.4434163570404053
1716110636.0372713	6668	8890.664444	24	1.39363431930542
1716110636.0879605	6668	8890.664444	24	1.3287980556488037
1716110636.138644	6668	8890.664444	24	1.2885050773620605
1716110636.1894	6668	8890.664444	24	1.245177984237671
1716110636.2399678	6668	8890.664444	24	1.182915210723877
1716110636.2906368	6668	8890.664444	24	1.137444019317627
1716110636.3413844	6668	8890.664444	24	1.094703197479248
1716110636.3919744	6668	8890.664444	25	2.0615956783294678
1716110636.442631	6668	8890.664444	25	2.0101282596588135
1716110636.4933064	6668	8890.664444	25	1.958606243133545
1716110636.5438766	6668	8890.664444	25	1.9132943153381348
1716110636.5945451	6668	8890.664444	25	1.8639147281646729
1716110636.6452394	6668	8890.664444	25	1.811168909072876
1716110636.6959286	6668	8890.664444	25	1.7587542533874512
1716110636.7466764	6668	8890.664444	25	1.7089643478393555
1716110636.797146	6668	8890.664444	25	1.6632232666015625
1716110636.8477876	6668	8890.664444	25	1.6187224388122559
1716110636.898403	6668	8890.664444	25	1.562669038772583
1716110636.9490175	6668	8890.664444	25	1.5187597274780273
1716110636.9996479	6668	8890.664444	25	1.4584498405456543
1716110637.050312	6668	8890.664444	25	1.4148759841918945
1716110637.1010134	6668	8890.664444	25	1.35835862159729
1716110637.151696	6668	8890.664444	25	1.315737009048462
1716110637.2024503	6668	8890.664444	25	1.2594420909881592
1716110637.2529879	6668	8890.664444	25	1.212399959564209
1716110637.3037355	6668	8890.664444	25	1.160276174545288
1716110637.3544831	6668	8890.664444	25	1.1088371276855469
1716110637.4052048	6668	8890.664444	26	2.0164077281951904
1716110637.455771	6668	8890.664444	26	1.958550214767456
1716110637.506355	6668	8890.664444	26	1.9180481433868408
1716110637.556793	6668	8890.664444	26	1.8739490509033203
1716110637.6073837	6668	8890.664444	26	1.8139424324035645
1716110637.6579154	6668	8890.664444	26	1.768315315246582
1716110637.708462	6668	8890.664444	26	1.7208783626556396
1716110637.7589626	6668	8890.664444	26	1.6584346294403076
1716110637.8095267	6668	8890.664444	26	1.6085596084594727
1716110637.8601513	6668	8890.664444	26	1.562241792678833
1716110637.9106898	6668	8890.664444	26	1.5082898139953613
1716110637.9613307	6668	8890.664444	26	1.465768575668335
1716110638.0119364	6668	8890.664444	26	1.413381814956665
1716110638.0626364	6668	8890.664444	26	1.3613717555999756
1716110638.113295	6668	8890.664444	26	1.3167028427124023
1716110638.1638994	6668	8890.664444	26	1.2691700458526611
1716110638.2145388	6668	8890.664444	26	1.217987060546875
1716110638.2654188	6668	8890.664444	26	1.1630089282989502
1716110638.3161645	6668	8890.664444	26	1.1042470932006836
1716110638.3669116	6668	8890.664444	26	1.048996925354004
1716110638.4178107	6668	8890.664444	26	1.01188063621521
1716110638.4719355	6668	8890.664444	27	1.8890354633331299
1716110638.5195532	6668	8890.664444	27	1.8533413410186768
1716110638.5701153	6668	8890.664444	27	1.79677414894104
1716110638.6207652	6668	8890.664444	27	1.7409493923187256
1716110638.6713803	6668	8890.664444	27	1.6920008659362793
1716110638.7219977	6668	8890.664444	27	1.645259141921997
1716110638.7725806	6668	8890.664444	27	1.595574140548706
1716110638.8232136	6668	8890.664444	27	1.541116714477539
1716110638.8738942	6668	8890.664444	27	1.4945850372314453
1716110638.9245203	6668	8890.664444	27	1.4413671493530273
1716110638.9752073	6668	8890.664444	27	1.3939192295074463
1716110639.0258055	6668	8890.664444	27	1.3439462184906006
1716110639.0764616	6668	8890.664444	27	1.2974019050598145
1716110639.1269972	6668	8890.664444	27	1.2445874214172363
1716110639.1776729	6668	8890.664444	27	1.1929636001586914
1716110639.2283049	6668	8890.664444	28	1.8078036308288574
1716110639.2789636	6668	8890.664444	28	1.7438111305236816
1716110639.3295314	6668	8890.664444	28	1.6960151195526123
1716110639.3801696	6668	8890.664444	28	1.6574788093566895
1716110639.4360926	6668	8890.664444	28	1.597463846206665
1716110639.4843736	6668	8890.664444	28	1.5495851039886475
1716110639.5348969	6668	8890.664444	28	1.4902591705322266
1716110639.5854638	6668	8890.664444	28	1.444016933441162
1716110639.6362553	6668	8890.664444	28	1.394118309020996
1716110639.6869564	6668	8890.664444	28	1.3526194095611572
1716110639.7376294	6668	8890.664444	28	1.289057970046997
1716110639.7882054	6668	8890.664444	28	1.2516374588012695
1716110639.8388405	6668	8890.664444	28	1.2029039859771729
1716110639.8895268	6668	8890.664444	28	1.1418077945709229
1716110639.9402063	6668	8890.664444	28	1.0918893814086914
1716110639.990815	6668	8890.664444	28	1.0456733703613281
1716110640.04144	6668	8890.664444	28	0.9871366024017334
1716110640.0920427	6668	8890.664444	28	0.9411036968231201
1716110640.1427195	6668	8890.664444	28	0.9000601768493652
1716110640.1933436	6668	8890.664444	28	0.8451011180877686
1716110640.2439566	6668	8890.664444	29	1.5741767883300781
1716110640.294599	6668	8890.664444	29	1.5139293670654297
1716110640.3453033	6668	8890.664444	29	1.47147536277771
1716110640.3959045	6668	8890.664444	29	1.4179482460021973
1716110640.4464765	6668	8890.664444	29	1.3631038665771484
1716110640.4969833	6668	8890.664444	29	1.3134005069732666
1716110640.5475662	6668	8890.664444	29	1.2644615173339844
1716110640.5982134	6668	8890.664444	29	1.2175414562225342
1716110640.6488802	6668	8890.664444	29	1.162346363067627
1716110640.699537	6668	8890.664444	29	1.1216554641723633
1716110640.7501097	6668	8890.664444	29	1.0677428245544434
1716110640.800749	6668	8890.664444	29	1.0121691226959229
1716110640.8514326	6668	8890.664444	29	0.9633769989013672
1716110640.902038	6668	8890.664444	29	0.9177350997924805
1716110640.9526837	6668	8890.664444	29	0.8679654598236084
1716110641.003359	6668	8890.664444	30	1.8340375423431396
1716110641.0537133	6668	8890.664444	30	1.7674858570098877
1716110641.1094632	6668	8890.664444	30	1.7195897102355957
1716110641.160015	6668	8890.664444	30	1.6624269485473633
1716110641.2105565	6668	8890.664444	30	1.6207475662231445
1716110641.261194	6668	8890.664444	30	1.5622799396514893
1716110641.3117886	6668	8890.664444	30	1.5253114700317383
1716110641.3624215	6668	8890.664444	30	1.4621381759643555
1716110641.4129832	6668	8890.664444	30	1.4134063720703125
1716110641.4636574	6668	8890.664444	30	1.365844488143921
1716110641.5142336	6668	8890.664444	30	1.3130788803100586
1716110641.5648644	6668	8890.664444	30	1.2655503749847412
1716110641.6155956	6668	8890.664444	30	1.2190015316009521
1716110641.6661987	6668	8890.664444	30	1.1669659614562988
1716110641.7169087	6668	8890.664444	30	1.1153137683868408
1716110641.7676463	6668	8890.664444	30	1.0674564838409424
1716110641.823723	6668	8890.664444	31	1.8211774826049805
1716110641.8726654	6668	8890.664444	31	1.779066562652588
1716110641.923394	6668	8890.664444	31	1.7184202671051025
1716110641.9740424	6668	8890.664444	31	1.678675651550293
1716110642.0249064	6668	8890.664444	31	1.628307819366455
1716110642.0755417	6668	8890.664444	31	1.5733673572540283
1716110642.126151	6668	8890.664444	31	1.5180549621582031
1716110642.1768355	6668	8890.664444	31	1.471372365951538
1716110642.2274866	6668	8890.664444	31	1.422712802886963
1716110642.2780154	6668	8890.664444	31	1.372560977935791
1716110642.3286304	6668	8890.664444	31	1.324357032775879
1716110642.379256	6668	8890.664444	31	1.2711338996887207
1716110642.4298465	6668	8890.664444	31	1.2208983898162842
1716110642.480483	6668	8890.664444	31	1.1704998016357422
1716110642.5310116	6668	8890.664444	31	1.1126551628112793
1716110642.581643	6668	8890.664444	31	1.0708253383636475
1716110642.6322663	6668	8890.664444	32	1.9071052074432373
1716110642.682824	6668	8890.664444	32	1.8521583080291748
1716110642.7334743	6668	8890.664444	32	1.8108899593353271
1716110642.7841885	6668	8890.664444	32	1.751783847808838
1716110642.8412557	6668	8890.664444	32	1.6991603374481201
1716110642.888846	6668	8890.664444	32	1.6590683460235596
1716110642.9394252	6668	8890.664444	32	1.5973610877990723
1716110642.9900975	6668	8890.664444	32	1.551384687423706
1716110643.0407553	6668	8890.664444	32	1.509892463684082
1716110643.0913043	6668	8890.664444	32	1.4510939121246338
1716110643.1418476	6668	8890.664444	32	1.4063584804534912
1716110643.192465	6668	8890.664444	32	1.3452816009521484
1716110643.2430935	6668	8890.664444	32	1.306325912475586
1716110643.2936924	6668	8890.664444	32	1.249579906463623
1716110643.3443847	6668	8890.664444	32	1.2012314796447754
1716110643.3949773	6668	8890.664444	32	1.151660442352295
1716110643.4455228	6668	8890.664444	32	1.0928492546081543
1716110643.5014179	6668	8890.664444	33	2.2326443195343018
1716110643.552049	6668	8890.664444	33	2.1789333820343018
1716110643.6027033	6668	8890.664444	33	2.1342806816101074
1716110643.6556752	6668	8890.664444	33	2.0763723850250244
1716110643.7046869	6668	8890.664444	33	2.041226387023926
1716110643.755213	6668	8890.664444	33	1.986400842666626
1716110643.8057168	6668	8890.664444	33	1.9380676746368408
1716110643.8561819	6668	8890.664444	33	1.8775546550750732
1716110643.9121761	6668	8890.664444	33	1.8328757286071777
1716110643.962821	6668	8890.664444	33	1.7767858505249023
1716110644.0134816	6668	8890.664444	33	1.7258589267730713
1716110644.0640519	6668	8890.664444	33	1.6717474460601807
1716110644.1147141	6668	8890.664444	33	1.6314988136291504
1716110644.1653485	6668	8890.664444	33	1.5726535320281982
1716110644.216012	6668	8890.664444	33	1.537468433380127
1716110644.2667606	6668	8890.664444	33	1.475999355316162
1716110644.3174825	6668	8890.664444	34	2.5626258850097656
1716110644.3681853	6668	8890.664444	34	2.5128328800201416
1716110644.418881	6668	8890.664444	34	2.4668281078338623
1716110644.469585	6668	8890.664444	34	2.4327592849731445
1716110644.5201838	6668	8890.664444	34	2.3675010204315186
1716110644.5707402	6668	8890.664444	34	2.316072463989258
1716110644.6212618	6668	8890.664444	34	2.278294563293457
1716110644.6719766	6668	8890.664444	34	2.221008777618408
1716110644.722637	6668	8890.664444	34	2.1614978313446045
1716110644.7732508	6668	8890.664444	34	2.1149702072143555
1716110644.8238673	6668	8890.664444	34	2.069870710372925
1716110644.8746126	6668	8890.664444	34	2.0257604122161865
1716110644.9251742	6668	8890.664444	34	1.9714999198913574
1716110644.9758565	6668	8890.664444	34	1.9217281341552734
1716110645.0265021	6668	8890.664444	34	1.8628413677215576
1716110645.0771244	6668	8890.664444	34	1.8177733421325684
1716110645.127724	6668	8890.664444	34	1.7706809043884277
1716110645.1784022	6668	8890.664444	34	1.7224090099334717
1716110645.2290392	6668	8890.664444	34	1.6558787822723389
1716110645.2797217	6668	8890.664444	34	1.6109726428985596
1716110645.3304167	6668	8890.664444	34	1.5561676025390625
1716110645.3811111	6668	8890.664444	34	1.514112949371338
1716110645.4317584	6668	8890.664444	34	1.4636874198913574
1716110645.482494	6668	8890.664444	34	1.4098527431488037
1716110645.5331516	6668	8890.664444	34	1.3637282848358154
1716110645.5839448	6668	8890.664444	34	1.308762550354004
1716110645.634661	6668	8890.664444	34	1.2593722343444824
1716110645.6854987	6668	8890.664444	34	1.2172415256500244
1716110645.7479765	6668	8890.664444	35	2.298797130584717
1716110645.7976966	6668	8890.664444	35	2.2574148178100586
1716110645.8483162	6668	8890.664444	35	2.2071950435638428
1716110645.8989174	6668	8890.664444	35	2.153252363204956
1716110645.9494925	6668	8890.664444	35	2.1068429946899414
1716110646.0001104	6668	8890.664444	35	2.0579118728637695
1716110646.050742	6668	8890.664444	35	2.0091114044189453
1716110646.1013505	6668	8890.664444	35	1.9515166282653809
1716110646.1519225	6668	8890.664444	35	1.90480375289917
1716110646.2026377	6668	8890.664444	35	1.8583805561065674
1716110646.2533069	6668	8890.664444	35	1.8003888130187988
1716110646.3039956	6668	8890.664444	35	1.7536568641662598
1716110646.3546898	6668	8890.664444	35	1.7097959518432617
1716110646.4053972	6668	8890.664444	35	1.648524284362793
1716110646.456513	6668	8890.664444	35	1.6054985523223877
1716110646.5072417	6668	8890.664444	35	1.5517299175262451
1716110646.5578895	6668	8890.664444	35	1.5062832832336426
1716110646.6087122	6668	8890.664444	35	1.446042537689209
1716110646.659466	6668	8890.664444	35	1.3900039196014404
1716110646.710522	6668	8890.664444	36	2.150280714035034
1716110646.7612355	6668	8890.664444	36	2.106088876724243
1716110646.8120174	6668	8890.664444	36	2.0617294311523438
1716110646.862705	6668	8890.664444	36	2.0101118087768555
1716110646.9133103	6668	8890.664444	36	1.9618439674377441
1716110646.9639518	6668	8890.664444	36	1.9059486389160156
1716110647.0146234	6668	8890.664444	36	1.8507940769195557
1716110647.0652647	6668	8890.664444	36	1.805389404296875
1716110647.1158996	6668	8890.664444	36	1.7550110816955566
1716110647.1665542	6668	8890.664444	36	1.700383186340332
1716110647.2171745	6668	8890.664444	36	1.6544787883758545
1716110647.2678113	6668	8890.664444	36	1.6047556400299072
1716110647.3186104	6668	8890.664444	36	1.5497360229492188
1716110647.36931	6668	8890.664444	36	1.5070085525512695
1716110647.4199152	6668	8890.664444	36	1.4576468467712402
1716110647.4706326	6668	8890.664444	36	1.4088964462280273
1716110647.521344	6668	8890.664444	36	1.3535497188568115
1716110647.572007	6668	8890.664444	36	1.3026115894317627
1716110647.622647	6668	8890.664444	36	1.2546191215515137
1716110647.673412	6668	8890.664444	36	1.2063515186309814
1716110647.724034	6668	8890.664444	36	1.1561570167541504
1716110647.7747838	6668	8890.664444	36	1.1042680740356445
1716110647.8254876	6668	8890.664444	37	1.7974815368652344
1716110647.8761895	6668	8890.664444	37	1.7549710273742676
1716110647.9268298	6668	8890.664444	37	1.7064096927642822
1716110647.9774802	6668	8890.664444	37	1.6463077068328857
1716110648.028211	6668	8890.664444	37	1.6005971431732178
1716110648.0787928	6668	8890.664444	37	1.554229736328125
1716110648.1293268	6668	8890.664444	37	1.5042641162872314
1716110648.179913	6668	8890.664444	37	1.4480235576629639
1716110648.2305565	6668	8890.664444	37	1.3941869735717773
1716110648.2812598	6668	8890.664444	37	1.3513617515563965
1716110648.3318114	6668	8890.664444	37	1.293755292892456
1716110648.382493	6668	8890.664444	37	1.2476558685302734
1716110648.433098	6668	8890.664444	37	1.2012953758239746
1716110648.4891434	6668	8890.664444	37	1.1403453350067139
1716110648.5398262	6668	8890.664444	37	1.090561866760254
1716110648.5903966	6668	8890.664444	38	1.6735079288482666
1716110648.6410277	6668	8890.664444	38	1.6183571815490723
1716110648.6916916	6668	8890.664444	38	1.5710797309875488
1716110648.742415	6668	8890.664444	38	1.5144588947296143
1716110648.7930043	6668	8890.664444	38	1.4613726139068604
1716110648.8437417	6668	8890.664444	38	1.4198582172393799
1716110648.8941934	6668	8890.664444	38	1.3662240505218506
1716110648.9447649	6668	8890.664444	38	1.3103971481323242
1716110648.9953158	6668	8890.664444	38	1.2613117694854736
1716110649.0459156	6668	8890.664444	38	1.214808464050293
1716110649.0966308	6668	8890.664444	38	1.1649670600891113
1716110649.1473398	6668	8890.664444	38	1.1188762187957764
1716110649.1980598	6668	8890.664444	38	1.0698316097259521
1716110649.2489	6668	8890.664444	38	1.0135726928710938
1716110649.2995822	6668	8890.664444	38	0.969012975692749
1716110649.350178	6668	8890.664444	38	0.9169256687164307
1716110649.4005508	6668	8890.664444	38	0.867750883102417
1716110649.4564552	6668	8890.664444	38	0.8019673824310303
1716110649.5070245	6668	8890.664444	38	0.7604048252105713
1716110649.5575705	6668	8890.664444	38	0.7119686603546143
1716110649.6081836	6668	8890.664444	39	1.47129225730896
1716110649.6586835	6668	8890.664444	39	1.419982671737671
1716110649.7092109	6668	8890.664444	39	1.3720028400421143
1716110649.759747	6668	8890.664444	39	1.3158771991729736
1716110649.8102314	6668	8890.664444	39	1.267076015472412
1716110649.8607867	6668	8890.664444	39	1.2226340770721436
1716110649.9113765	6668	8890.664444	39	1.1728661060333252
1716110649.9618669	6668	8890.664444	39	1.1239097118377686
1716110650.012487	6668	8890.664444	39	1.0657374858856201
1716110650.0630484	6668	8890.664444	39	1.0173454284667969
1716110650.113665	6668	8890.664444	39	0.9687323570251465
1716110650.1642697	6668	8890.664444	40	1.8640730381011963
1716110650.2149181	6668	8890.664444	40	1.8186728954315186
1716110650.2736	6668	8890.664444	40	1.76395583152771
1716110650.3206384	6668	8890.664444	40	1.7181811332702637
1716110650.3711815	6668	8890.664444	40	1.65806245803833
1716110650.4217644	6668	8890.664444	40	1.610889196395874
1716110650.4724648	6668	8890.664444	40	1.5583720207214355
1716110650.5231097	6668	8890.664444	40	1.5201473236083984
1716110650.573827	6668	8890.664444	40	1.4627645015716553
1716110650.6244352	6668	8890.664444	40	1.4163756370544434
1716110650.6751173	6668	8890.664444	40	1.3594317436218262
1716110650.725716	6668	8890.664444	40	1.3128018379211426
1716110650.7764213	6668	8890.664444	40	1.2627789974212646
1716110650.82689	6668	8890.664444	40	1.2160069942474365
1716110650.8775752	6668	8890.664444	40	1.1620080471038818
1716110650.928307	6668	8890.664444	40	1.1034278869628906
1716110650.9788966	6668	8890.664444	41	2.1083171367645264
1716110651.0295217	6668	8890.664444	41	2.0628604888916016
1716110651.0873027	6668	8890.664444	41	2.0063438415527344
1716110651.1371832	6668	8890.664444	41	1.9490864276885986
1716110651.1877823	6668	8890.664444	41	1.9033160209655762
1716110651.2383728	6668	8890.664444	41	1.856846809387207
1716110651.2889318	6668	8890.664444	41	1.7992775440216064
1716110651.3396504	6668	8890.664444	41	1.7523179054260254
1716110651.39045	6668	8890.664444	41	1.7050869464874268
1716110651.4410331	6668	8890.664444	41	1.6441333293914795
1716110651.4923327	6668	8890.664444	41	1.6009252071380615
1716110651.543029	6668	8890.664444	41	1.5517950057983398
1716110651.593669	6668	8890.664444	41	1.503934621810913
1716110651.6443186	6668	8890.664444	41	1.4521551132202148
1716110651.6948977	6668	8890.664444	42	2.2660863399505615
1716110651.7455583	6668	8890.664444	42	2.200056552886963
1716110651.7962139	6668	8890.664444	42	2.1595189571380615
1716110651.8523088	6668	8890.664444	42	2.1138758659362793
1716110651.9030495	6668	8890.664444	42	2.067664384841919
1716110651.953692	6668	8890.664444	42	2.007878541946411
1716110652.0044286	6668	8890.664444	42	1.9645087718963623
1716110652.0548494	6668	8890.664444	42	1.8917818069458008
1716110652.1054907	6668	8890.664444	42	1.846601963043213
1716110652.156107	6668	8890.664444	42	1.8138396739959717
1716110652.2066593	6668	8890.664444	42	1.7555384635925293
1716110652.2571335	6668	8890.664444	42	1.6904888153076172
1716110652.3077216	6668	8890.664444	42	1.6547856330871582
1716110652.358399	6668	8890.664444	42	1.594634771347046
1716110652.4091446	6668	8890.664444	42	1.5443055629730225
1716110652.4598315	6668	8890.664444	42	1.4985756874084473
1716110652.5105786	6668	8890.664444	42	1.456268548965454
1716110652.5612273	6668	8890.664444	42	1.3877308368682861
1716110652.6118968	6668	8890.664444	42	1.347459316253662
1716110652.662581	6668	8890.664444	42	1.2917375564575195
1716110652.7132633	6668	8890.664444	42	1.2365329265594482
1716110652.7639663	6668	8890.664444	42	1.1999733448028564
1716110652.8146305	6668	8890.664444	42	1.1534364223480225
1716110652.8653574	6668	8890.664444	42	1.1000862121582031
1716110652.9160368	6668	8890.664444	42	1.05165696144104
1716110652.9666848	6668	8890.664444	42	0.9983665943145752
1716110653.01734	6668	8890.664444	42	0.9338338375091553
1716110653.0680575	6668	8890.664444	43	1.5822861194610596
1716110653.118646	6668	8890.664444	43	1.5427641868591309
1716110653.1691628	6668	8890.664444	43	1.483309030532837
1716110653.2197578	6668	8890.664444	43	1.43157958984375
1716110653.2703185	6668	8890.664444	43	1.3830249309539795
1716110653.3210323	6668	8890.664444	43	1.3433566093444824
1716110653.3717628	6668	8890.664444	43	1.290604829788208
1716110653.422538	6668	8890.664444	43	1.2367310523986816
1716110653.4731703	6668	8890.664444	43	1.1823055744171143
1716110653.523876	6668	8890.664444	43	1.1388397216796875
1716110653.5746245	6668	8890.664444	43	1.0856842994689941
1716110653.6253295	6668	8890.664444	44	1.7013928890228271
1716110653.6760538	6668	8890.664444	44	1.6503264904022217
1716110653.7267687	6668	8890.664444	44	1.6020894050598145
1716110653.7775006	6668	8890.664444	44	1.55523681640625
1716110653.828181	6668	8890.664444	44	1.5068762302398682
1716110653.8788533	6668	8890.664444	44	1.4578831195831299
1716110653.9295807	6668	8890.664444	44	1.4008584022521973
1716110653.9800937	6668	8890.664444	44	1.3478472232818604
1716110654.0306458	6668	8890.664444	44	1.303722620010376
1716110654.081229	6668	8890.664444	44	1.258652687072754
1716110654.1317327	6668	8890.664444	44	1.208418607711792
1716110654.1824715	6668	8890.664444	44	1.1565945148468018
1716110654.2331612	6668	8890.664444	44	1.1033148765563965
1716110654.2839384	6668	8890.664444	44	1.0473856925964355
1716110654.3346744	6668	8890.664444	44	1.0027406215667725
1716110654.3853564	6668	8890.664444	44	0.9479928016662598
1716110654.436042	6668	8890.664444	44	0.8980481624603271
1716110654.486626	6668	8890.664444	45	1.5928945541381836
1716110654.5373566	6668	8890.664444	45	1.5481982231140137
1716110654.588035	6668	8890.664444	45	1.4937694072723389
1716110654.6387725	6668	8890.664444	45	1.440413475036621
1716110654.6893907	6668	8890.664444	45	1.3854591846466064
1716110654.7399647	6668	8890.664444	45	1.327179193496704
1716110654.7906165	6668	8890.664444	45	1.2901301383972168
1716110654.8411484	6668	8890.664444	45	1.2446491718292236
1716110654.8917863	6668	8890.664444	45	1.1922106742858887
1716110654.9425964	6668	8890.664444	45	1.1345834732055664
1716110654.993264	6668	8890.664444	45	1.0914945602416992
1716110655.043942	6668	8890.664444	45	1.0388004779815674
1716110655.094643	6668	8890.664444	45	0.9924843311309814
1716110655.1454287	6668	8890.664444	45	0.9398276805877686
1716110655.1961336	6668	8890.664444	45	0.8771276473999023
1716110655.2469087	6668	8890.664444	46	1.491877555847168
1716110655.297652	6668	8890.664444	46	1.4576759338378906
1716110655.3480568	6668	8890.664444	46	1.4024262428283691
1716110655.398551	6668	8890.664444	46	1.3507041931152344
1716110655.4490178	6668	8890.664444	46	1.3018553256988525
1716110655.49953	6668	8890.664444	46	1.2405221462249756
1716110655.5499268	6668	8890.664444	46	1.1969361305236816
1716110655.600439	6668	8890.664444	46	1.1421639919281006
1716110655.6510084	6668	8890.664444	46	1.100999355316162
1716110655.7015798	6668	8890.664444	46	1.0513734817504883
1716110655.75217	6668	8890.664444	46	0.9913809299468994
1716110655.8027542	6668	8890.664444	46	0.9455666542053223
1716110655.853513	6668	8890.664444	46	0.899799108505249
1716110655.9041314	6668	8890.664444	46	0.8416547775268555
1716110655.954825	6668	8890.664444	46	0.7952892780303955
1716110656.0054674	6668	8890.664444	46	0.749436616897583
1716110656.056101	6668	8890.664444	47	1.5073232650756836
1716110656.1067586	6668	8890.664444	47	1.4641146659851074
1716110656.1573856	6668	8890.664444	47	1.4099175930023193
1716110656.2078817	6668	8890.664444	47	1.3640038967132568
1716110656.2585065	6668	8890.664444	47	1.3114445209503174
1716110656.3092053	6668	8890.664444	47	1.2636406421661377
1716110656.3598711	6668	8890.664444	47	1.2133796215057373
1716110656.4105291	6668	8890.664444	47	1.1555721759796143
1716110656.4610498	6668	8890.664444	47	1.1034681797027588
1716110656.5116556	6668	8890.664444	47	1.0625133514404297
1716110656.5622652	6668	8890.664444	47	1.006864070892334
1716110656.6130028	6668	8890.664444	48	1.7787244319915771
1716110656.6636894	6668	8890.664444	48	1.7228355407714844
1716110656.7143111	6668	8890.664444	48	1.673356056213379
1716110656.764884	6668	8890.664444	48	1.6186134815216064
1716110656.8154929	6668	8890.664444	48	1.5785019397735596
1716110656.865966	6668	8890.664444	48	1.5188543796539307
1716110656.9166362	6668	8890.664444	48	1.4816906452178955
1716110656.9672523	6668	8890.664444	48	1.4184153079986572
1716110657.0179112	6668	8890.664444	48	1.3770701885223389
1716110657.0686438	6668	8890.664444	48	1.3269500732421875
1716110657.119193	6668	8890.664444	48	1.2781634330749512
1716110657.1700094	6668	8890.664444	48	1.2225170135498047
1716110657.2206306	6668	8890.664444	48	1.1684670448303223
1716110657.271272	6668	8890.664444	48	1.1161444187164307
1716110657.3219867	6668	8890.664444	48	1.0708873271942139
1716110657.3726735	6668	8890.664444	48	1.017336368560791
1716110657.4234705	6668	8890.664444	48	0.9702622890472412
1716110657.4740734	6668	8890.664444	48	0.9227325916290283
1716110657.5248308	6668	8890.664444	49	1.7601654529571533
1716110657.576503	6668	8890.664444	49	1.7176523208618164
1716110657.6267169	6668	8890.664444	49	1.6580400466918945
1716110657.677329	6668	8890.664444	49	1.6163172721862793
1716110657.7279294	6668	8890.664444	49	1.5612528324127197
1716110657.778559	6668	8890.664444	49	1.5132606029510498
1716110657.829165	6668	8890.664444	49	1.4629788398742676
1716110657.8798378	6668	8890.664444	49	1.4071440696716309
1716110657.9304917	6668	8890.664444	49	1.3558878898620605
1716110657.9810934	6668	8890.664444	49	1.3072850704193115
1716110658.0317786	6668	8890.664444	49	1.2626240253448486
1716110658.082439	6668	8890.664444	49	1.213587999343872
1716110658.1330917	6668	8890.664444	49	1.1569974422454834
1716110658.1836822	6668	8890.664444	49	1.1102488040924072
1716110658.2344053	6668	8890.664444	49	1.0565555095672607
1716110658.2850542	6668	8890.664444	50	1.8086960315704346
1716110658.3357835	6668	8890.664444	50	1.7762653827667236
1716110658.4017992	6668	8890.664444	50	1.7007277011871338
1716110658.448778	6668	8890.664444	50	1.6586296558380127
1716110658.4994023	6668	8890.664444	50	1.5940754413604736
1716110658.5500557	6668	8890.664444	50	1.5445606708526611
1716110658.6007361	6668	8890.664444	50	1.507434606552124
1716110658.651416	6668	8890.664444	50	1.4564361572265625
1716110658.702003	6668	8890.664444	50	1.4065253734588623
1716110658.7527127	6668	8890.664444	50	1.3520939350128174
1716110658.8034763	6668	8890.664444	50	1.287287712097168
1716110658.8541954	6668	8890.664444	50	1.2552642822265625
1716110658.9049287	6668	8890.664444	50	1.2075965404510498
1716110658.955675	6668	8890.664444	50	1.1499948501586914
1716110659.0063057	6668	8890.664444	50	1.1039621829986572
1716110659.0568204	6668	8890.664444	50	1.0451774597167969
1716110659.1074176	6668	8890.664444	50	1.005411148071289
1716110659.1580048	6668	8890.664444	50	0.9490966796875
1716110659.2087712	6668	8890.664444	50	0.8831088542938232
1716110659.2593658	6668	8890.664444	50	0.8518059253692627
1716110659.3098824	6668	8890.664444	51	1.4781737327575684
1716110659.3605497	6668	8890.664444	51	1.4305226802825928
1716110659.4111218	6668	8890.664444	51	1.383376121520996
1716110659.461703	6668	8890.664444	51	1.3336400985717773
1716110659.517706	6668	8890.664444	51	1.2743172645568848
1716110659.5684536	6668	8890.664444	51	1.2306914329528809
1716110659.6191864	6668	8890.664444	51	1.1734139919281006
1716110659.6698513	6668	8890.664444	51	1.1230902671813965
1716110659.7259564	6668	8890.664444	51	1.06785249710083
1716110659.7766683	6668	8890.664444	51	1.013519287109375
1716110659.8274972	6668	8890.664444	51	0.9712715148925781
1716110659.8781826	6668	8890.664444	51	0.9094996452331543
1716110659.9288924	6668	8890.664444	52	1.6081931591033936
1716110659.979612	6668	8890.664444	52	1.5563349723815918
1716110660.0303826	6668	8890.664444	52	1.5087766647338867
1716110660.0810978	6668	8890.664444	52	1.454542636871338
1716110660.1316893	6668	8890.664444	52	1.4082090854644775
1716110660.1823559	6668	8890.664444	52	1.360224962234497
1716110660.2329328	6668	8890.664444	52	1.3039088249206543
1716110660.283592	6668	8890.664444	52	1.257408618927002
1716110660.3342576	6668	8890.664444	52	1.2045886516571045
1716110660.38484	6668	8890.664444	52	1.1597988605499268
1716110660.435609	6668	8890.664444	52	1.1023926734924316
1716110660.4862702	6668	8890.664444	52	1.0581395626068115
1716110660.536951	6668	8890.664444	52	1.0048768520355225
1716110660.5875742	6668	8890.664444	53	1.7252185344696045
1716110660.6381724	6668	8890.664444	53	1.6902987957000732
1716110660.688813	6668	8890.664444	53	1.640704870223999
1716110660.7395415	6668	8890.664444	53	1.5862007141113281
1716110660.8003476	6668	8890.664444	53	1.5156590938568115
1716110660.848507	6668	8890.664444	53	1.4663543701171875
1716110660.8991752	6668	8890.664444	53	1.4239213466644287
1716110660.9498427	6668	8890.664444	53	1.371081829071045
1716110661.0004413	6668	8890.664444	53	1.3172037601470947
1716110661.05108	6668	8890.664444	53	1.2758405208587646
1716110661.101693	6668	8890.664444	53	1.2200851440429688
1716110661.1523356	6668	8890.664444	53	1.1663243770599365
1716110661.2030287	6668	8890.664444	53	1.1271679401397705
1716110661.2535398	6668	8890.664444	53	1.0740208625793457
1716110661.304106	6668	8890.664444	53	1.02311372756958
1716110661.3545995	6668	8890.664444	53	0.9769816398620605
1716110661.4051752	6668	8890.664444	53	0.9151952266693115
1716110661.4557517	6668	8890.664444	54	3.0458738803863525
1716110661.5063992	6668	8890.664444	54	3.0102248191833496
1716110661.5568347	6668	8890.664444	54	2.947139263153076
1716110661.6072688	6668	8890.664444	54	2.8954391479492188
1716110661.657961	6668	8890.664444	54	2.849290370941162
1716110661.7083077	6668	8890.664444	54	2.8087003231048584
1716110661.7642982	6668	8890.664444	54	2.741377592086792
1716110661.814862	6668	8890.664444	54	2.6957473754882812
1716110661.865558	6668	8890.664444	54	2.649352788925171
1716110661.9162347	6668	8890.664444	54	2.595252275466919
1716110661.966937	6668	8890.664444	54	2.5450477600097656
1716110662.0176344	6668	8890.664444	54	2.4912455081939697
1716110662.0682116	6668	8890.664444	54	2.4447407722473145
1716110662.11888	6668	8890.664444	54	2.396735429763794
1716110662.1695936	6668	8890.664444	54	2.3449742794036865
1716110662.2203345	6668	8890.664444	54	2.2893290519714355
1716110662.2709546	6668	8890.664444	54	2.2338836193084717
1716110662.3334312	6668	8890.664444	55	3.2348852157592773
1716110662.3825912	6668	8890.664444	55	3.1877777576446533
1716110662.4332347	6668	8890.664444	55	3.1395673751831055
1716110662.483891	6668	8890.664444	55	3.1148533821105957
1716110662.5344768	6668	8890.664444	55	3.052593231201172
1716110662.5851114	6668	8890.664444	55	2.9862771034240723
1716110662.635792	6668	8890.664444	55	2.961068630218506
1716110662.6865041	6668	8890.664444	55	2.8859384059906006
1716110662.737085	6668	8890.664444	55	2.8367385864257812
1716110662.7930765	6668	8890.664444	55	2.8070778846740723
1716110662.843702	6668	8890.664444	55	2.7310292720794678
1716110662.894269	6668	8890.664444	55	2.6958065032958984
1716110662.945022	6668	8890.664444	55	2.6360936164855957
1716110662.995747	6668	8890.664444	55	2.5954699516296387
1716110663.046516	6668	8890.664444	55	2.5299129486083984
1716110663.097229	6668	8890.664444	55	2.4908576011657715
1716110663.1478975	6668	8890.664444	55	2.4476120471954346
1716110663.198626	6668	8890.664444	55	2.3972296714782715
1716110663.249372	6668	8890.664444	55	2.333254337310791
1716110663.3000896	6668	8890.664444	55	2.292933940887451
1716110663.3507764	6668	8890.664444	55	2.2321364879608154
1716110663.4018004	6668	8890.664444	55	2.195930004119873
1716110663.45255	6668	8890.664444	55	2.125920534133911
1716110663.5032523	6668	8890.664444	55	2.0804898738861084
1716110663.55386	6668	8890.664444	55	2.0351645946502686
1716110663.6046028	6668	8890.664444	55	1.9747886657714844
1716110663.6552327	6668	8890.664444	55	1.9293315410614014
1716110663.705866	6668	8890.664444	55	1.874368667602539
1716110663.7566118	6668	8890.664444	55	1.8372669219970703
1716110663.8072138	6668	8890.664444	55	1.7781791687011719
1716110663.8579733	6668	8890.664444	55	1.7175395488739014
1716110663.9087756	6668	8890.664444	55	1.6822028160095215
1716110663.959421	6668	8890.664444	55	1.6429169178009033
1716110664.0101266	6668	8890.664444	55	1.5846500396728516
1716110664.0609372	6668	8890.664444	55	1.5311064720153809
1716110664.1117938	6668	8890.664444	56	2.2447636127471924
1716110664.1625051	6668	8890.664444	56	2.1957409381866455
1716110664.2133155	6668	8890.664444	56	2.147690534591675
1716110664.2639933	6668	8890.664444	56	2.098073720932007
1716110664.3147175	6668	8890.664444	56	2.0576181411743164
1716110664.3655293	6668	8890.664444	56	2.005371332168579
1716110664.4163194	6668	8890.664444	56	1.9438083171844482
1716110664.4670138	6668	8890.664444	56	1.9096367359161377
1716110664.5212295	6668	8890.664444	56	1.8406040668487549
1716110664.568979	6668	8890.664444	56	1.7979645729064941
1716110664.6196277	6668	8890.664444	56	1.7565174102783203
1716110664.6702507	6668	8890.664444	56	1.6930499076843262
1716110664.720845	6668	8890.664444	56	1.6478395462036133
1716110664.771543	6668	8890.664444	56	1.5962963104248047
1716110664.82226	6668	8890.664444	56	1.5416300296783447
1716110664.872899	6668	8890.664444	56	1.5002350807189941
1716110664.9235806	6668	8890.664444	56	1.4504644870758057
1716110664.9742205	6668	8890.664444	56	1.3957619667053223
1716110665.024888	6668	8890.664444	56	1.3447370529174805
1716110665.075628	6668	8890.664444	56	1.2992913722991943
1716110665.126407	6668	8890.664444	56	1.2533948421478271
1716110665.1770961	6668	8890.664444	56	1.2003862857818604
1716110665.2278073	6668	8890.664444	56	1.1374027729034424
1716110665.2784529	6668	8890.664444	56	1.099947452545166
1716110665.3291123	6668	8890.664444	56	1.046654224395752
1716110665.379912	6668	8890.664444	56	0.9861459732055664
1716110665.430743	6668	8890.664444	57	1.7911794185638428
1716110665.4814038	6668	8890.664444	57	1.7537388801574707
1716110665.5322359	6668	8890.664444	57	1.6952192783355713
1716110665.6109781	6668	8890.664444	57	1.6138675212860107
1716110665.6527512	6668	8890.664444	57	1.5756666660308838
1716110665.7034059	6668	8890.664444	57	1.5205507278442383
1716110665.7539768	6668	8890.664444	57	1.4796783924102783
1716110665.804592	6668	8890.664444	57	1.4263637065887451
1716110665.855358	6668	8890.664444	57	1.3779873847961426
1716110665.905933	6668	8890.664444	57	1.3198912143707275
1716110665.9564974	6668	8890.664444	57	1.2735917568206787
1716110666.0072007	6668	8890.664444	57	1.2200133800506592
1716110666.0577614	6668	8890.664444	57	1.1739158630371094
1716110666.1137557	6668	8890.664444	57	1.1187047958374023
1716110666.1644657	6668	8890.664444	57	1.0636606216430664
1716110666.215104	6668	8890.664444	57	1.0204963684082031
1716110666.265832	6668	8890.664444	57	0.9700367450714111
1716110666.3164492	6668	8890.664444	58	1.7626335620880127
1716110666.384479	6668	8890.664444	58	1.705566167831421
1716110666.42699	6668	8890.664444	58	1.6445143222808838
1716110666.4776554	6668	8890.664444	58	1.598010778427124
1716110666.5283363	6668	8890.664444	58	1.5568242073059082
1716110666.5789027	6668	8890.664444	58	1.5096070766448975
1716110666.6295445	6668	8890.664444	58	1.4552085399627686
1716110666.6801498	6668	8890.664444	58	1.3999955654144287
1716110666.730848	6668	8890.664444	58	1.3467388153076172
1716110666.781506	6668	8890.664444	58	1.3019237518310547
1716110666.8321927	6668	8890.664444	58	1.2487192153930664
1716110666.882858	6668	8890.664444	58	1.1957623958587646
1716110666.9335768	6668	8890.664444	58	1.153243064880371
1716110666.9842386	6668	8890.664444	58	1.097909688949585
1716110667.0349388	6668	8890.664444	58	1.0481066703796387
1716110667.0856857	6668	8890.664444	58	1.0017523765563965
1716110667.136427	6668	8890.664444	58	0.9526607990264893
1716110667.187089	6668	8890.664444	58	0.8870928287506104
1716110667.2398381	6668	8890.664444	59	1.4612889289855957
1716110667.2885816	6668	8890.664444	59	1.4103329181671143
1716110667.3391633	6668	8890.664444	59	1.3662950992584229
1716110667.389685	6668	8890.664444	59	1.3110713958740234
1716110667.4400609	6668	8890.664444	59	1.2650411128997803
1716110667.4907146	6668	8890.664444	59	1.2053298950195312
1716110667.5412624	6668	8890.664444	59	1.155622959136963
1716110667.5917852	6668	8890.664444	59	1.1141316890716553
1716110667.642464	6668	8890.664444	59	1.0597448348999023
1716110667.6931295	6668	8890.664444	59	1.004967451095581
1716110667.7436724	6668	8890.664444	59	0.9591293334960938
1716110667.799664	6668	8890.664444	59	0.9002439975738525
1716110667.8502493	6668	8890.664444	59	0.8535313606262207
1716110667.901194	6668	8890.664444	59	0.8029708862304688
1716110667.951829	6668	8890.664444	60	1.7338783740997314
1716110668.002502	6668	8890.664444	60	1.7019431591033936
1716110668.0531144	6668	8890.664444	60	1.6494860649108887
1716110668.1037662	6668	8890.664444	60	1.5970754623413086
1716110668.154376	6668	8890.664444	60	1.5468111038208008
1716110668.2049406	6668	8890.664444	60	1.4921622276306152
1716110668.2555556	6668	8890.664444	60	1.4311928749084473
1716110668.3061888	6668	8890.664444	60	1.382239580154419
1716110668.3568373	6668	8890.664444	60	1.3447558879852295
1716110668.4075441	6668	8890.664444	60	1.2904889583587646
1716110668.4581995	6668	8890.664444	60	1.2446556091308594
1716110668.5088	6668	8890.664444	60	1.1866748332977295
1716110668.559468	6668	8890.664444	60	1.1397583484649658
1716110668.6101055	6668	8890.664444	60	1.0844807624816895
1716110668.6607797	6668	8890.664444	61	1.6587879657745361
1716110668.7113721	6668	8890.664444	61	1.6120984554290771
1716110668.7619424	6668	8890.664444	61	1.5504932403564453
1716110668.8124852	6668	8890.664444	61	1.5019147396087646
1716110668.8630643	6668	8890.664444	61	1.4583861827850342
1716110668.9136627	6668	8890.664444	61	1.4037554264068604
1716110668.964415	6668	8890.664444	61	1.3490114212036133
1716110669.0149612	6668	8890.664444	61	1.2959387302398682
1716110669.0656407	6668	8890.664444	61	1.2525804042816162
1716110669.1162229	6668	8890.664444	61	1.1991314888000488
1716110669.166927	6668	8890.664444	61	1.152001142501831
1716110669.217615	6668	8890.664444	61	1.0983836650848389
1716110669.2682135	6668	8890.664444	61	1.051891565322876
1716110669.3189077	6668	8890.664444	61	1.0035076141357422
1716110669.3696258	6668	8890.664444	61	0.9508876800537109
1716110669.4203043	6668	8890.664444	62	1.6507809162139893
1716110669.4709492	6668	8890.664444	62	1.5857114791870117
1716110669.521829	6668	8890.664444	62	1.5532569885253906
1716110669.572539	6668	8890.664444	62	1.500185251235962
1716110669.623149	6668	8890.664444	62	1.4445629119873047
1716110669.6738536	6668	8890.664444	62	1.3838489055633545
1716110669.7244592	6668	8890.664444	62	1.3496897220611572
1716110669.7750409	6668	8890.664444	62	1.2890563011169434
1716110669.8256383	6668	8890.664444	62	1.2329826354980469
1716110669.8762681	6668	8890.664444	62	1.1832058429718018
1716110669.9268637	6668	8890.664444	62	1.1423523426055908
1716110669.9774983	6668	8890.664444	62	1.0872325897216797
1716110670.0280976	6668	8890.664444	62	1.0328824520111084
1716110670.0787315	6668	8890.664444	62	0.9868969917297363
1716110670.1294885	6668	8890.664444	62	0.9335227012634277
1716110670.180056	6668	8890.664444	62	0.8820321559906006
1716110670.230678	6668	8890.664444	62	0.840057373046875
1716110670.281309	6668	8890.664444	62	0.792034387588501
1716110670.3319147	6668	8890.664444	63	1.6167032718658447
1716110670.3825197	6668	8890.664444	63	1.5670089721679688
1716110670.4331477	6668	8890.664444	63	1.5121238231658936
1716110670.4837935	6668	8890.664444	63	1.4660494327545166
1716110670.5344503	6668	8890.664444	63	1.4157755374908447
1716110670.585009	6668	8890.664444	63	1.3631746768951416
1716110670.635661	6668	8890.664444	63	1.3157901763916016
1716110670.6914432	6668	8890.664444	63	1.2590830326080322
