1.0
1.0
1.0
1.0447139739990234
1.2599709033966064
1.4717340469360352
1.8293640613555908
1.7800188064575195
1.9499921798706055
1.911207914352417
1.833724021911621
1.8863859176635742
1.6712429523468018
1.7259550094604492
1.650421142578125
1.9853849411010742
1.679682970046997
1.7006630897521973
1.7317578792572021
1.9444751739501953
1.9454948902130127
1.8771049976348877
2.045588970184326
2.1511051654815674
1.6414737701416016
1.919276237487793
1.87721586227417
2.0488951206207275
1.730226993560791
2.1087288856506348
